0 0.6559494248448515 0.4784328184277559 0.08053026556212253 0.08236334904927088
0 0.9543269230769231 0.5048076923076923 0.08653846153846154 0.17307692307692307
0 0.26439715003042746 0.5775761074587895 0.15199160421730562 0.17154643966042266
0 0.6399270957718559 0.6647533375853404 0.16237146186120227 0.15040157040037955
0 0.08707976254610283 0.7355055062299584 0.06843930929172065 0.14417770447486988
0 0.37098890617887853 0.7432272415332798 0.07605101564280786 0.11812719368221991
0 0.1435909173533335 0.87667331711043 0.12999268369372707 0.16585720432850037
0 0.3603051136309773 0.06127364317127271 0.13301471305718934 0.1108625904647821
0 0.7336327165716106 0.2148504902033362 0.10748316821228944 0.1218043797599539
0 0.6558913724941432 0.2867393538475001 0.10121825534874446 0.10237771207935581
0 0.3182793463223617 0.34992698993919785 0.11819146824456357 0.13661925358268867
0 0.5475196310345685 0.3839889935664705 0.10340408618252347 0.13122386592550966