0 0.1971153846153846 0.45913461538461536 0.09735576923076923 0.11899038461538461
0 0.5144230769230769 0.5637019230769231 0.07932692307692307 0.0889423076923077
0 0.6189903846153846 0.5961538461538461 0.12980769230769232 0.11899038461538461
0 0.5516826923076923 0.7295673076923077 0.11658653846153846 0.07211538461538461
0 0.6189903846153846 0.8293269230769231 0.12980769230769232 0.12740384615384615
0 0.23677884615384615 0.11899038461538461 0.055288461538461536 0.05048076923076923
0 0.3581730769230769 0.14302884615384615 0.09254807692307693 0.08052884615384616
0 0.2764423076923077 0.19591346153846154 0.0889423076923077 0.042067307692307696
0 0.546875 0.22596153846153846 0.10697115384615384 0.11057692307692307
0 0.39783653846153844 0.27884615384615385 0.125 0.09735576923076923
0 0.6742788461538461 0.35697115384615385 0.11177884615384616 0.06850961538461539
0 0.375 0.359375 0.125 0.0889423076923077