0 0.6370192307692307 0.5396634615384616 0.06610576923076923 0.06971153846153846
0 0.9146634615384616 0.5805288461538461 0.07932692307692307 0.1502403846153846
0 0.2704326923076923 0.6105769230769231 0.125 0.1502403846153846
0 0.6057692307692307 0.7103365384615384 0.13701923076923078 0.12980769230769232
0 0.08173076923076923 0.7427884615384616 0.07091346153846154 0.125
0 0.3545673076923077 0.7680288461538461 0.05889423076923077 0.1045673076923077
0 0.13581730769230768 0.8774038461538461 0.1045673076923077 0.14543269230769232
0 0.4026442307692308 0.14302884615384615 0.11298076923076923 0.09495192307692307
0 0.7307692307692307 0.30288461538461536 0.08774038461538461 0.1045673076923077
0 0.6538461538461539 0.36538461538461536 0.0829326923076923 0.09014423076923077
0 0.3401442307692308 0.4050480769230769 0.09615384615384616 0.1201923076923077
0 0.5456730769230769 0.44711538461538464 0.0829326923076923 0.11538461538461539