0 0.13054052205641198 0.4879807692307692 0.1275378728190471 0.13942307692307693
0 0.4733830422341058 0.5697115384615384 0.10097801181146857 0.10336538461538461
0 0.5870026779903393 0.5949519230769231 0.15895596611698834 0.14182692307692307
0 0.517602616099788 0.7451923076923077 0.1382628971874191 0.08653846153846154
0 0.5922734668170297 0.8461538461538461 0.16186409216465783 0.14903846153846154
0 0.16724419763165385 0.11778846153846154 0.0691061786023744 0.06009615384615385
0 0.2984471763055455 0.13221153846153846 0.11489680884072215 0.09615384615384616
0 0.21097596495344265 0.1971153846153846 0.10465959101624336 0.052884615384615384
0 0.5025389927519269 0.20432692307692307 0.13407703808882096 0.12980769230769232
0 0.3426162101885572 0.27403846153846156 0.1524673408298846 0.11778846153846154
0 0.6425844628505379 0.3329326923076923 0.13071517212999842 0.08173076923076923
0 0.3194857884388417 0.3641826923076923 0.14939112148427386 0.10817307692307693