0 0.8735526822201829 0.6179635383514037 0.1445961426081543 0.15054891078685245
0 0.5418422430515683 0.4401234060862968 0.11697983019054871 0.11421150565538395
0 0.43275229702955326 0.38363386353622625 0.18136940509167532 0.1581800184840548
0 0.5233566801759908 0.25382532916321987 0.1494410593846802 0.10258387283943972
0 0.46203240272902646 0.1330045096827301 0.18472734481329325 0.16782337438181713
0 0.7887904043486095 0.9643000399060183 0.07712437584618624 0.05131990770209755
0 0.6606989063705597 0.9224713301792343 0.12828349078395063 0.10713982360573346
0 0.7554402244071651 0.8828629691402139 0.1100440395897866 0.06851045744992927
0 0.4662089968942851 0.7935735466141284 0.15109211089386404 0.14342128617244645
0 0.6346161015939041 0.7687510471037797 0.16696494040301518 0.1340017005337053
0 0.344945051765972 0.6265210666283234 0.14199099753119881 0.1000961128384607
0 0.6698947987330466 0.6877187178671366 0.1636070006813974 0.12435834463594321