0 0.40884593458126395 0.5769042940881342 0.08570226300877816 0.08829196326043351
0 0.14209357582206542 0.6586963930346084 0.12332760294063337 0.17406432174764402
0 0.7946632422735717 0.5971241223932497 0.16972929014163649 0.18607333089759046
0 0.48761130739100267 0.7474360583436237 0.17788745420116855 0.16734648262146615
0 0.9819711538461539 0.7067307692307693 0.03125 0.14903846153846154
0 0.755166840745852 0.7710352494503966 0.0884345515510018 0.12434965556812581
0 0.9627403846153846 0.8533653846153846 0.06971153846153846 0.1778846153846154
0 0.5344570207494971 0.1333589030360241 0.14372301308946334 0.12724720105733248
0 0.24878582318089051 0.3446488545031799 0.12004885668996497 0.13079509097841324
0 0.3426641816244935 0.3986519596068194 0.1115622502420554 0.11359022718550668
0 0.6691498084991594 0.3942136467994519 0.13093930929172068 0.14812593500998097
0 0.47480399458486067 0.4678289122558607 0.11837362081404515 0.1402844953551367