0 0.8977749298990977 0.4544975501888271 0.14341200957312103 0.15239517866371385
0 0.5534860811698786 0.5152956804952141 0.11056381487214846 0.11448894082403417
0 0.4391686766798815 0.5323052472385487 0.17786626389793078 0.16176335357923768
0 0.4957741111704089 0.6824077279012967 0.14822494516272317 0.10974212973847895
0 0.4152347784527431 0.774722894227219 0.1789334747925492 0.1713787381946223
0 0.8918085715902385 0.09536975988868786 0.07451136584636614 0.0692171190618169
0 0.7616006751970645 0.10008244555186224 0.12712393522541715 0.11316341289718064
0 0.8418535428839137 0.16877838941420126 0.10549456312271133 0.06881586390095719
0 0.5537961409692895 0.15818662269642364 0.14982313986369575 0.14564577658517225
0 0.7052279620977775 0.23563640203594682 0.16558285204600054 0.1371087101967804
0 0.4046111698642261 0.2754788224295075 0.14047980125387552 0.10447230104778978
0 0.7211092782576123 0.32419359607575715 0.1623785977211905 0.12974312627424295