0 0.7300432370386084 0.528087494139659 0.09641016231368099 0.09499366641818832
0 0.9783653846153846 0.5697115384615384 0.038461538461538464 0.1875
0 0.3503886083999054 0.3417317604918266 0.18667599706044194 0.19909843755793807
0 0.7180462902174946 0.3447815899132223 0.19175311373274384 0.18037194822099217
0 0.16437961814859994 0.14864293831850395 0.12231099963581478 0.15643456664787128
0 0.45844532462736204 0.20856164225887175 0.10014540044484518 0.12864751257203455
0 0.24358362642751544 0.06712200572694119 0.15543648362426163 0.11104713633800631
0 0.43178965552410176 0.8602396165481608 0.1532968185531151 0.1347494112805854
0 0.800790526703306 0.8001758494354276 0.12712131358446208 0.13530423115707946
0 0.7265485852215495 0.7115027150064015 0.12071280493484228 0.12054496763812003
0 0.3976362852553605 0.5740138309425276 0.14367881229677557 0.15554356017549523
0 0.6215941816485346 0.5932522768818219 0.1308591733565809 0.1474915552242512