0 0.8036159869644232 0.2333376935162568 0.06367495294583356 0.05084438359395394
0 0.670294490148772 0.651237118693545 0.053667917348504415 0.03396151984577172
0 0.6609228416522439 0.2485928879243141 0.06585499853856848 0.041242984146384117
0 0.6486218503035257 0.1332642132109579 0.13741289162927364 0.12097547708993629
0 0.5738808288512822 0.2274617385810314 0.0959320554708334 0.09429542154477707
0 0.48312818111234024 0.5633716689229765 0.041480836158440226 0.026680055545159193
0 0.41937231777323775 0.664717799499422 0.06596689881912396 0.04605067645407628
0 0.32685523073744727 0.8215272062120137 0.06607879909967956 0.050858368761768594
0 0.3053834410784193 0.5704161867258868 0.14428872924914538 0.10659435567030383
0 0.1950313235016565 0.6323645739523519 0.056071763502350436 0.03397550501358637
0 0.8654795949245732 0.5671576426250392 0.06585499853856848 0.041242984146384117