0 0.6465950639466193 0.6279474317550753 0.046022706118446985 0.06115920651143178
0 0.38341346153846156 0.9555288461538461 0.06009615384615385 0.08413461538461539
0 0.8180085534087309 0.5526209437080135 0.03405941602047536 0.07049484042542736
0 0.6832533171151984 0.5254492743139964 0.03640732150306237 0.06093540595032055
0 0.3300223943043532 0.9534667304759619 0.03400347534921608 0.06087945581004288
0 0.35394657043484806 0.3146870801660793 0.04115907313949526 0.05143192161549155
0 0.6263845316136648 0.252527805702992 0.043576904461156335 0.053891717909615444
0 0.40622283101951984 0.2113506755598828 0.0387971824890936 0.058587509936752206
0 0.47325781255482363 0.16604227948766065 0.03400347534921608 0.06087945581004274
0 0.5595025855691744 0.11757571530689148 0.07014507866379724 0.07614178483728637
0 0.5206177049098824 0.8701743820126607 0.041242984146384117 0.06585499853856848
0 0.43633624526321163 0.8429757424875538 0.08220626493647223 0.08363307400021387
0 0.5657873157916267 0.784698973139477 0.04120102864293976 0.058643460077030016
0 0.2350416995366511 0.7397462134666668 0.07273073199923569 0.10744773497756419
0 0.3872803604392528 0.6735875089127674 0.03881116765690839 0.06099135609059822
0 0.4917637571246717 0.6615982630917739 0.03391956434232723 0.04645637888696596