0 0.24330222752354486 0.1397187176972357 0.05590756060285866 0.0707735060742469
0 0.693081655212665 0.22510899979835022 0.038632793789899506 0.05929050239328026
0 0.2706205172727914 0.28528743300771026 0.046516097855492086 0.07451398748732092
0 0.14995403257461917 0.3143859705522666 0.12897792708466746 0.1506261696756144
0 0.2557562244683736 0.3811718547969469 0.10063228351420656 0.10682595510002936
0 0.6145220671860192 0.431962683827127 0.02845760450446992 0.04620406072943121
0 0.7281779159481901 0.4857955277697856 0.046292175987474045 0.06970629517962862
0 0.8973198148470121 0.563673387353293 0.05350371444901251 0.07050670335059236
0 0.6376221164947945 0.6166599444082764 0.11259884774378047 0.15837393522541687
0 0.7103039336349194 0.7245740835305636 0.03645286950407139 0.0638313919773179
0 0.5898149758218989 0.03355452612443293 0.04400029076763691 0.06710905224886586