0 0.6056091520534259 0.8115584690172923 0.043622938051905265 0.057304145357040155
0 0.8327726135918874 0.8234636015707716 0.05083447651344386 0.05768208607302337
0 0.5969218629200028 0.7441247964709389 0.04407175540758929 0.06211183766473246
0 0.2704305090866985 0.6803684444903438 0.040545865864533 0.049966626656840256
0 0.23525335722446294 0.6366633936954412 0.0587192410085083 0.06527156525054559
0 0.40002902310184546 0.6464949631206535 0.07952087098417183 0.0831063302367577
0 0.6438254598099815 0.5803329749838213 0.03926406309989698 0.06185987718741
0 0.5088088128754176 0.5433559849343808 0.025449562907929966 0.04199920676333509
0 0.5968858105075653 0.5515600328762822 0.020866279278079738 0.044151092439858916
0 0.8979428318182362 0.5350446099899955 0.03339897670541074 0.07590501339450356
0 0.37276523262465316 0.4441309553622625 0.060290101753402464 0.0820984883274684
0 0.46542551388665115 0.4501831176276401 0.03461613016763055 0.03769543541028743
0 0.6643837229612768 0.4546298620519007 0.02875104377314404 0.05174057161738087
0 0.4870753596565632 0.41304437167204383 0.04926361576854942 0.04085516299610043
0 0.8356330519642555 0.43131150627791154 0.03025725521562241 0.04225116724065741
0 0.7962415541401409 0.40652227411712516 0.03506494752331472 0.0425031277179796