0 0.7908653846153846 0.22956730769230768 0.04447115384615385 0.057692307692307696
0 0.36538461538461536 0.3269230769230769 0.030048076923076924 0.04927884615384615
0 0.7620192307692307 0.36778846153846156 0.03485576923076923 0.0625
0 0.875 0.390625 0.10697115384615384 0.12259615384615384
0 0.7740384615384616 0.45552884615384615 0.08413461538461539 0.08653846153846154
0 0.43509615384615385 0.5180288461538461 0.021634615384615384 0.038461538461538464
0 0.3269230769230769 0.5721153846153846 0.037259615384615384 0.05889423076923077
0 0.16466346153846154 0.6514423076923077 0.042067307692307696 0.05889423076923077
0 0.4098557692307692 0.6923076923076923 0.09014423076923077 0.12980769230769232
0 0.33774038461538464 0.7956730769230769 0.028846153846153848 0.054086538461538464
0 0.4675480769230769 0.14182692307692307 0.03365384615384615 0.06129807692307692