0 0.464754035049831 0.3381363521931168 0.07080420185557984 0.052369278275095965
0 0.09994698743312366 0.4964163413321491 0.09143981768199992 0.06494806727968284
0 0.5671672298365352 0.1997716956974594 0.07448801688675143 0.04289378321855041
0 0.5719437193559522 0.3328704057285332 0.06699550910608278 0.04028010272644577
0 0.09517052010211471 0.5477842821324537 0.06727647842521296 0.04268394888029192
0 0.7228241327868157 0.7014025361870264 0.055538216975112235 0.04473807113704053
0 0.8289211315104876 0.46132905921913436 0.060626878601934865 0.047281806849725674
0 0.8340566472436414 0.6794845285940686 0.0627497554366507 0.04494790547529922
0 0.8905158068823424 0.6296204005512835 0.06699550910608291 0.04028010272644577
0 0.9507368273526177 0.560700365226278 0.08803697196995859 0.07682740849007462
0 0.20615326802808534 0.3905036079134148 0.07264610937116564 0.04763153074682322
0 0.21881249433018285 0.4783139373082189 0.09424951087330168 0.08898652881814438
0 0.29737454415591374 0.37159683892616024 0.06303072475578102 0.0473517516291451
0 0.28602655608464117 0.6946822017172912 0.11984891060821881 0.0825443829302203
0 0.3767639282804076 0.5691540027809803 0.06755744774434315 0.045087795034138074
0 0.40653102479015035 0.4753911409541889 0.052291462863875676 0.0374565878960825