0 0.5961538461538461 0.8168962887072067 0.055288461538461536 0.06827275599362756
0 0.8425480769230769 0.7611009621570679 0.03365384615384615 0.06068358391585349
0 0.6850961538461539 0.7559487824628414 0.08653846153846154 0.10006822677263418
0 0.5805288461538461 0.7601331687023187 0.02403846153846154 0.0412849775223127
0 0.8774038461538461 0.7316612949490371 0.028846153846153848 0.06300351148831386
0 0.3581730769230769 0.759857703544001 0.038461538461538464 0.05836365634339284
0 0.5901442307692307 0.7266471597112438 0.04326923076923077 0.046428344155547856
0 0.6298076923076923 0.7093106418538293 0.052884615384615384 0.05861541208754991
0 0.7584134615384616 0.6742958485212804 0.016826923076923076 0.026736022727157513
0 0.7127403846153846 0.6759024681519628 0.016826923076923076 0.031543715034849824
0 0.5504807692307693 0.6826856006455813 0.026442307692307692 0.029307706043774955
0 0.6177884615384616 0.6574181530926728 0.016826923076923076 0.02433217657331136
0 0.6911057692307693 0.6478806037664966 0.021634615384615384 0.026819941308543295
0 0.24519230769230768 0.678558693804515 0.052884615384615384 0.05861541208754991
0 0.9206730769230769 0.606214639104585 0.036057692307692304 0.058321697052700086
0 0.5108173076923077 0.6218971185029958 0.0673076923076923 0.06127101398555313
0 0.3581730769230769 0.9855769230769231 0.03365384615384615 0.02403846153846154
0 0.44471153846153844 0.6039163149320199 0.026442307692307692 0.036519244505313415
0 0.7788461538461539 0.558065964030631 0.09375 0.1530787200293281
0 0.5865384615384616 0.561920759236743 0.019230769230769232 0.036393366633234885
0 0.484375 0.5577336432284515 0.05048076923076923 0.06818883741224177
0 0.9423076923076923 0.4839961188746666 0.11057692307692307 0.09087243506417791
0 0.3581730769230769 0.5278865496978471 0.055288461538461536 0.08029198676285819
0 0.421875 0.5073638555165918 0.04567307692307692 0.06810491883085613
0 0.6262019230769231 0.4832861644562516 0.12740384615384615 0.08155076548364312
0 0.5132211538461539 0.4789102316398424 0.06009615384615385 0.08277975149808998
0 0.35336538461538464 0.45328340034723075 0.02403846153846154 0.03407343906077451
0 0.9170673076923077 0.40062285401469955 0.06009615384615385 0.06354898226732075
0 0.9675480769230769 0.38587899911924894 0.04567307692307692 0.068104918830856
0 0.40024038461538464 0.4204477603618948 0.04326923076923077 0.06325526723247094
0 0.5925480769230769 0.39736219592501354 0.06971153846153846 0.08535143481470743
0 0.5240384615384616 0.38775289460180634 0.028846153846153848 0.041368896103698614
0 0.44471153846153844 0.3707432380089429 0.019230769230769232 0.02677798201785027
0 0.8653846153846154 0.3336149600340344 0.06490384615384616 0.06363290084870653
0 0.34975961538461536 0.3726916152573453 0.057692307692307696 0.08754548451508953
0 0.9170673076923077 0.30326708478393033 0.036057692307692304 0.043898620129623166
0 0.9675480769230769 0.2885232298884797 0.028846153846153848 0.0894458191806217
0 0.4362980769230769 0.3153079189530565 0.03365384615384615 0.051068199300468874
0 0.5456730769230769 0.29077475898727256 0.0625 0.058783249250321336
0 0.6490384615384616 0.27094439310244894 0.14903846153846154 0.17087070679218627
0 0.47716346153846156 0.27155007304868073 0.021634615384615384 0.041243018231620084
0 0.5336538461538461 0.22686303945688532 0.036057692307692304 0.04870631243731554
0 0.9302884615384616 0.1508536301135101 0.028846153846153848 0.03656120379600631
0 0.8990384615384616 0.13107739010373406 0.04326923076923077 0.05363988261708635
0 0.5817307692307693 0.13395222527074196 0.08173076923076923 0.09998430819124857
0 0.6634615384615384 0.8889846103850675 0.0625 0.09964863386570609