0 0.6170990979305825 0.7992887820117823 0.050578682985943695 0.0635570526663037
0 0.39937917602074313 0.8245980533117852 0.06039029184384285 0.0666895090980762
0 0.5996837004921983 0.7322722499336053 0.0533749776248192 0.06854689754347786
0 0.8962401832387571 0.6484344724116115 0.04758616410455337 0.05616336163528392
0 0.9153484610925169 0.6044918448986096 0.06578665687907932 0.07426535269857783
0 0.7569397960587725 0.624739545820267 0.0887948419612973 0.09273164890083517
0 0.4948716084119545 0.5750189913931799 0.04837106107461208 0.06577874625066826
0 0.6141565277571941 0.5291113871830195 0.032378190211417884 0.045455061603009654
0 0.531591706312696 0.5419668164819337 0.02776672214624025 0.04749460261789264
0 0.23216559279392243 0.5467508997812267 0.04454448997949322 0.07743367188093586
0 0.7118070300839011 0.42303448421725737 0.07437176503822038 0.09163873348394566
0 0.6231344811335303 0.43423260901554445 0.039393504430441664 0.043597673157608256
0 0.4298700468690168 0.45183909767971914 0.037970779489168896 0.05543475135735744
0 0.5881316429039166 0.4005235493275432 0.054209029838547945 0.049498280882189945
0 0.25568931283642804 0.439834959469228 0.03718588251911019 0.04581936674197283
0 0.284584621926252 0.4133567890263346 0.04218979906931718 0.048587518034782014