0 0.5661057692307693 0.19591346153846154 0.04807692307692308 0.0625
0 0.8137019230769231 0.2283653846153846 0.027644230769230768 0.057692307692307696
0 0.6586538461538461 0.24759615384615385 0.07692307692307693 0.0889423076923077
0 0.5552884615384616 0.25240384615384615 0.019230769230769232 0.036057692307692304
0 0.8485576923076923 0.2548076923076923 0.020432692307692308 0.05889423076923077
0 0.33774038461538464 0.27163461538461536 0.03245192307692308 0.054086538461538464
0 0.5685096153846154 0.28365384615384615 0.037259615384615384 0.039663461538461536
0 0.6081730769230769 0.2980769230769231 0.04807692307692308 0.051682692307692304
0 0.7391826923076923 0.32091346153846156 0.013221153846153846 0.02403846153846154
0 0.6935096153846154 0.3233173076923077 0.015625 0.030048076923076924
0 0.5348557692307693 0.33052884615384615 0.021634615384615384 0.026442307692307692
0 0.6033653846153846 0.3485576923076923 0.015625 0.020432692307692308
0 0.6754807692307693 0.35336538461538464 0.018028846153846152 0.02283653846153846
0 0.23557692307692307 0.3605769230769231 0.04567307692307692 0.051682692307692304
0 0.9050480769230769 0.3737980769230769 0.03125 0.054086538461538464
0 0.5012019230769231 0.3942307692307692 0.06009615384615385 0.051682692307692304
0 0.3112980769230769 0.040865384615384616 0.02403846153846154 0.039663461538461536
0 0.4387019230769231 0.4170673076923077 0.025240384615384616 0.03485576923076923
0 0.7704326923076923 0.4326923076923077 0.078125 0.140625
0 0.5817307692307693 0.44591346153846156 0.016826923076923076 0.03485576923076923
0 0.48197115384615385 0.45913461538461536 0.04326923076923077 0.06129807692307692
0 0.9435096153846154 0.49158653846153844 0.109375 0.0733173076923077
0 0.36177884615384615 0.4987980769230769 0.04807692307692308 0.0733173076923077
0 0.4254807692307692 0.5132211538461539 0.038461538461538464 0.06129807692307692
0 0.6286057692307693 0.5204326923076923 0.1201923076923077 0.0673076923076923
0 0.5192307692307693 0.5336538461538461 0.052884615384615384 0.07451923076923077
0 0.3641826923076923 0.5733173076923077 0.020432692307692308 0.03125
0 0.9230769230769231 0.5745192307692307 0.055288461538461536 0.055288461538461536
0 0.9747596153846154 0.5841346153846154 0.040865384615384616 0.06129807692307692
0 0.41346153846153844 0.5997596153846154 0.038461538461538464 0.057692307692307696
0 0.6045673076923077 0.6057692307692307 0.06129807692307692 0.07692307692307693
0 0.5384615384615384 0.6201923076923077 0.021634615384615384 0.036057692307692304
0 0.46274038461538464 0.6442307692307693 0.016826923076923076 0.02403846153846154
0 0.8786057692307693 0.6442307692307693 0.05889423076923077 0.055288461538461536
0 0.36899038461538464 0.6502403846153846 0.04927884615384615 0.08173076923076923
0 0.9338942307692307 0.6706730769230769 0.03125 0.039663461538461536
0 0.9867788461538461 0.6790865384615384 0.02403846153846154 0.0829326923076923
0 0.46033653846153844 0.7007211538461539 0.030048076923076924 0.046875
0 0.5697115384615384 0.7139423076923077 0.056490384615384616 0.05048076923076923
0 0.6730769230769231 0.7247596153846154 0.1310096153846154 0.15144230769230768
0 0.5048076923076923 0.7391826923076923 0.016826923076923076 0.036057692307692304
0 0.5649038461538461 0.7776442307692307 0.030048076923076924 0.04567307692307692
0 0.9627403846153846 0.8185096153846154 0.026442307692307692 0.03245192307692308
0 0.9326923076923077 0.8413461538461539 0.037259615384615384 0.046875
0 0.6213942307692307 0.8641826923076923 0.06971153846153846 0.0889423076923077
0 0.6237980769230769 0.1201923076923077 0.051682692307692304 0.09254807692307693