0 0.5288461538461539 0.2403846153846154 0.03245192307692308 0.04927884615384615
0 0.7439903846153846 0.25600961538461536 0.039663461538461536 0.051682692307692304
0 0.5228365384615384 0.30408653846153844 0.03245192307692308 0.055288461538461536
0 0.21514423076923078 0.3269230769230769 0.03125 0.04326923076923077
0 0.18269230769230768 0.3641826923076923 0.04447115384615385 0.057692307692307696
0 0.3389423076923077 0.3737980769230769 0.0625 0.07091346153846154
0 0.5709134615384616 0.4651442307692308 0.027644230769230768 0.055288461538461536
0 0.44350961538461536 0.48677884615384615 0.018028846153846152 0.036057692307692304
0 0.5264423076923077 0.4879807692307692 0.013221153846153846 0.039663461538461536
0 0.8125 0.5384615384615384 0.020432692307692308 0.06850961538461539
0 0.3173076923076923 0.5649038461538461 0.04567307692307692 0.07451923076923077
0 0.4050480769230769 0.5709134615384616 0.028846153846153848 0.03245192307692308
0 0.5925480769230769 0.5889423076923077 0.020432692307692308 0.04567307692307692
0 0.4254807692307692 0.6081730769230769 0.039663461538461536 0.03485576923076923
0 0.7560096153846154 0.6310096153846154 0.021634615384615384 0.036057692307692304
0 0.71875 0.6502403846153846 0.027644230769230768 0.036057692307692304