0 0.9412420357617298 0.6683526648267636 0.04110049124592626 0.07654271253255675
0 0.6757098790521053 0.7557614436329876 0.09465747982230638 0.09265151142646033
0 0.4873447025375045 0.9011348445311522 0.10220520487972679 0.09834466931758684
0 0.6511231544127956 0.1538946757848388 0.07458624410183116 0.07827103910140441
0 0.507616418289341 0.5072205327938717 0.04853066298807613 0.04647333331046911
0 0.30350101175094407 0.9125044735018991 0.05691885453520252 0.06418572197082667
0 0.26771193274009364 0.800220526155139 0.06172654684289483 0.06477603235978299
0 0.40051835452007134 0.23586284729639323 0.05160688233368687 0.056383873120331954
0 0.08653302469569604 0.9295048919625758 0.06843380541060992 0.058449959481679005
0 0.3065997012556903 0.05340486489320141 0.05506982825785013 0.03774341427851899
0 0.8391626208722389 0.6546066459845197 0.058650327497284084 0.05486549254992021