0 0.7477633575944422 0.4644768012752864 0.056337633229754186 0.04089480591609684
0 0.7123773668725643 0.6917601281077649 0.056617412347432165 0.05051019053148145
0 0.6818674227019316 0.46304876821510105 0.06114532553744649 0.0413154244907406
0 0.6840634570723172 0.14036238838475915 0.04912609476821572 0.04026387805413098
0 0.6490549364559175 0.10745933538689584 0.0638988955883902 0.05354496454729332
0 0.6251028946143313 0.2714014250700867 0.0765476293723965 0.07623112636851832
0 0.5088383338415097 0.5177493437970807 0.061005435978607365 0.03650773218304829
0 0.4983321645659253 0.3843958149056278 0.039091041476313995 0.024999563981766323
0 0.4885676416555747 0.47276712738297816 0.04375884422516731 0.02061249024871792
0 0.4114548184023597 0.7744340189947301 0.07288477718899927 0.032751586311965536
0 0.42776481383389675 0.2550980951203 0.08086570822415226 0.05982482186623915
0 0.414254632133938 0.3485925638363256 0.03696697444014596 0.03440463930982892
0 0.37854102807788076 0.5459329683893882 0.04877637087111818 0.028244647284900146
0 0.3740316123601204 0.37129343630790673 0.03979048927050909 0.04903802552022786
0 0.32079525052360947 0.7176270804027786 0.04163477718899928 0.03001756557678065
0 0.3038855208404755 0.6807428615961546 0.041774666747838266 0.03482525788447296