0 0.5187650339325495 0.08239575598759973 0.06767578619704405 0.079494264477338
0 0.788248457575015 0.05174222035989463 0.04287936142349343 0.0693311740710182
0 0.6290820441123143 0.11267815819979252 0.1072706402684851 0.11757543854835621
0 0.5217282794058851 0.14533848877931693 0.030737432691145507 0.0441120917546441
0 0.832842309384286 0.0706154659949888 0.03807166911580113 0.0687408636820619
0 0.29734038715335226 0.22280465600582508 0.049838245473335534 0.06781279350060647
0 0.5431679601176318 0.17557674789765398 0.05072616515700368 0.05368487177200764
0 0.589851654687494 0.179584183817954 0.06691782296195498 0.0722827260157996
0 0.7324365409995062 0.16938156580528246 0.019858776017279103 0.03091224020750083
0 0.6853702355693684 0.1849000543102298 0.025171777148364126 0.03631024290414932
0 0.5188046074577224 0.23335272629016915 0.029726815044360075 0.03449670713925949
0 0.5943344558737386 0.23381829987673156 0.022009967759428897 0.02880354924813277
0 0.6731560701272689 0.21927048615126074 0.024413813913275052 0.029098704442610927
0 0.20907654750092022 0.34442859657666774 0.06185747624256631 0.06928856947299714
0 0.9211961838152569 0.1815103850612352 0.04743439931948938 0.06751763830612831
0 0.49874000903938176 0.3088623956420523 0.07893705373118574 0.07375850198819027
0 0.4384489205203593 0.34913593137264604 0.035545124998837815 0.044702402143600425
0 0.7938427989147765 0.27871549970309606 0.1178893840451931 0.17345421047577408
0 0.5959621925788409 0.3419700745007979 0.028333586537299355 0.04381693656016594
0 0.4943004106210412 0.3824535562298276 0.06286809388935174 0.07890395408838174
0 0.9603365384615384 0.2980769230769231 0.07451923076923077 0.11057692307692307
0 0.37656603957867635 0.4553463564377594 0.07109024999767549 0.08940480428720085
0 0.44943938742915 0.4537032390649537 0.058060401581659433 0.07831364369942542
0 0.6649662290586562 0.4077609247339132 0.14611478959029883 0.10336230762371529
0 0.5514115435374738 0.45092210551225664 0.07665590554045675 0.09720665313769548
0 0.3993267120877324 0.5329023483478136 0.032635970021598945 0.03959955464142995
0 0.9747596153846154 0.3894230769230769 0.04567307692307692 0.07692307692307693
0 0.456889063331461 0.5477483942594319 0.057555092758266715 0.07350595139173312
0 0.6605230013975846 0.5044837789777051 0.08627129015584135 0.09838727391560799
0 0.5946662573357807 0.5381360866357165 0.03314127884499166 0.044407246949122264
0 0.5202047463053776 0.5825843996870252 0.02466646832497141 0.03150255059645701
0 0.9591052332979003 0.4726922271701085 0.07678586198903595 0.07586719294755827
0 0.4212644431374099 0.6142116870858761 0.07210086764446079 0.09902018890258532
0 0.5302532030344035 0.6434397438183849 0.044272589930554156 0.06001094465011182
0 0.6503191835208629 0.627480061017555 0.07122020644625457 0.06806534409706362
0 0.7607697793919379 0.6127009989946377 0.1800067731849178 0.20006385956849662
0 0.5868013073886158 0.6718020987706351 0.02833358653729922 0.04381693656016594
0 0.660050007613903 0.6968964442846153 0.04401993551885779 0.0576070984962654
0 0.7410082966386594 0.7721764038348867 0.09740260124140412 0.11399097161659728
0 0.5612258402133254 0.02333791173620331 0.08108098698787362 0.04667582347240662