0 0.8351781130971166 0.6701934794564204 0.07489683030023013 0.0718605151669492
0 0.7537558189134224 0.9220667646862548 0.06754544016054408 0.047148827594961557
0 0.7623852491978638 0.7534932455514691 0.10874646880348357 0.10865608281058368
0 0.7749491001567221 0.6417467240488312 0.04103320662916205 0.032661101369468565
0 0.7191028346159676 0.9536686080883146 0.06751746982491423 0.042341135287269245
0 0.7951991839276726 0.4057856329186401 0.06276571818848108 0.05150770254696983
0 0.7401422790133048 0.6469062597585832 0.050760472587065224 0.05278950531160585
0 0.7151396422507716 0.6854153532566265 0.06526746051703086 0.06855903430173473
0 0.6678598737392919 0.8179464104690164 0.028958035188672133 0.02192367336487367
0 0.6723808701067809 0.7691163816708545 0.03618355881802552 0.025000745552245938
0 0.6954054069786697 0.5970816222954286 0.03382166816762359 0.031987875335942315
0 0.6633660463522831 0.6649655666830228 0.026568174202640904 0.02410311084087788
0 0.6457917181524179 0.7414075015992073 0.026582159370455553 0.026506956994724034
0 0.7163329700334885 0.2710885047349279 0.06523949018140102 0.06375134199404262
0 0.5805288461538461 0.9747596153846154 0.06490384615384616 0.04567307692307692
0 0.6326326962062813 0.5443719966715357 0.06775521767776602 0.08320651990265386
0 0.6201939104026065 0.4711345686669409 0.043479008286452694 0.04009704850884897
0 0.5417348690853503 0.8193861087284636 0.16652268750268012 0.1284649680018695
0 0.5621597674539858 0.6134730945213496 0.0410192214613474 0.030257255215622274
0 0.5663381272100122 0.5057488349539567 0.0748688599646007 0.0670528228592569
0 0.4483173076923077 0.9555288461538461 0.10336538461538461 0.08413461538461539
0 0.5451012877529691 0.36562020734614564 0.08691606106946104 0.07298255855615934
0 0.5178416490986453 0.4291452767817315 0.07484088962897112 0.06224513055156459
0 0.4734342298628074 0.6424295888258098 0.09697897105491922 0.15080327019060447
0 0.47873759427277557 0.5215963797511841 0.09176570888059771 0.08064291437338184
0 0.4645095083439564 0.3472852089461298 0.03862936047531603 0.03243669269162634
0 0.36103464645150163 0.9382605612436977 0.07252095448201369 0.07644379879679956
0 0.3389423076923077 0.9771634615384616 0.07692307692307693 0.040865384615384616
0 0.4263276732387139 0.39177159317758037 0.07001921215346403 0.05939246704203427
0 0.3842471817337408 0.5920591600533469 0.094225495705703 0.09048270766660853
0 0.3814097953776359 0.5173155206062741 0.041047191796976974 0.035064947523314446
0 0.37009601422790295 0.43096914309444645 0.028986005524301844 0.02673136567256598
0 0.2945722554414551 0.870791245679965 0.07254892481764333 0.08125149110449187
0 0.38031195970417436 0.32861359752935104 0.09654543085266044 0.07628403942137368
0 0.2540285296858108 0.9222647596951119 0.04831467092977458 0.04535355817222517
0 0.23630036463998277 0.9722643869189891 0.0963496385032533 0.04263019326752726
0 0.3087210188818447 0.41202556796332074 0.05794404071297411 0.048655039037439514
0 0.27452954512227823 0.5229543344423035 0.06532340118829001 0.07817441891711961
0 0.2439158702578515 0.6294120216303571 0.18849294691485058 0.18817695379475552
0 0.25967292799694264 0.4470886516060206 0.0410192214613474 0.030257255215622274
0 0.20712395663988234 0.4998439683858036 0.053122363237466885 0.045802375527909334
0 0.09058097639208715 0.9094088157556998 0.04106117696479176 0.03746879367716087
0 0.07114042964409598 0.8715558540252714 0.06038984237026456 0.05609098617682006
0 0.1040172976290715 0.5346655490847501 0.10870451330003918 0.10144454434904523
0 0.9065391000056516 0.7537366123758372 0.11101046327918158 0.08484202994996437