0 0.8571804305189205 0.2656981312596717 0.07134193145827958 0.05808389239112198
0 0.7034001700724871 0.6780967969672856 0.06054989375730676 0.04120102864293976
0 0.7119158315091692 0.26725587476072266 0.07307340442036128 0.04848249294355215
0 0.7023932901841602 0.1482584975614306 0.1558797467713776 0.13306463369824106
0 0.6220742806695204 0.23669733921240563 0.1104253031289122 0.10156290067757467
0 0.5143455870497516 0.5688678398741915 0.045454443642465384 0.031501733020666285
0 0.44431433534226106 0.6669780068118103 0.07324149771830225 0.05088633909739844
0 0.3430413203097356 0.816568081123807 0.0737457776121256 0.0580978775589369
0 0.33226687589157317 0.5593984981657129 0.15727503313757693 0.11865554194297896
0 0.2157726207539703 0.6115838551595885 0.06278564661321194 0.03881116765690839
0 0.9067102966867984 0.6132007447524963 0.07050146496857387 0.046064661621891205