0 0.9097218353945917 0.530341436169052 0.03870693438777277 0.05141625056412421
0 0.9951923076923077 0.5036057692307693 0.004807692307692308 0.12259615384615384
0 0.9716588068323714 0.49723736790902123 0.04628656673866297 0.12353163517950883
0 0.8770281456341652 0.4569234790151897 0.029596858595780873 0.055269849304044744
0 0.33901419625719165 0.37380394738480976 0.03288862443329531 0.04132381916485364
0 0.5995211297989754 0.3627819051139172 0.03288862443329531 0.04132381916485364
0 0.6433606476158883 0.36118497248024617 0.028080932125602996 0.04084677238096782
0 0.8543938003309572 0.3773673386635321 0.04452524434225051 0.061508681963394644
0 0.3494634100601477 0.30347748820899717 0.03364658766838424 0.0485353576263921
0 0.608826140263836 0.32683416838498797 0.03339393325668802 0.04613151147254595
0 0.6907554734102047 0.2802518106524436 0.027828277713906637 0.03844292622712167
0 0.7884615384615384 0.9783653846153846 0.08173076923076923 0.038461538461538464
0 0.5542488099498286 0.22626763948019754 0.05338266572254619 0.05525123706962795
0 0.5571688526552603 0.1635198099710462 0.03478716176374874 0.036754650249104306
0 0.6981721379830699 0.9732116481432437 0.030484778279449152 0.04108529577291073
0 0.8323508212420823 0.9484652047184239 0.0662898161754451 0.04225930049820848
0 0.7411959728260662 0.9299051929051791 0.03339393325668775 0.046131511472546224
0 0.702673085382969 0.9141888495608329 0.04933293664994282 0.061985728747280595
0 0.861204233573698 0.906131455282548 0.03238331560990259 0.03651612685716133
0 0.7417807768446723 0.8336227789381532 0.043009317872072635 0.047085605040317856
0 0.43870848527265005 0.7904669394031612 0.03440455090347318 0.05574689608793083
0 0.6797283659292372 0.7977308789124744 0.029849513007477506 0.0576736954578909
0 0.7911282304655388 0.8052164474070516 0.041363434953315285 0.054058620109913136
0 0.8349677482824518 0.8036195147733806 0.025171777148364126 0.035800556681332606
0 0.6500628998664356 0.7757570906743615 0.029091549772388155 0.05046215699635216
0 0.5498665831254482 0.7277546165351055 0.054645937781027845 0.06727046783885872
0 0.4750946979445211 0.7179565452310285 0.028586240948995575 0.04565446468866013
0 0.5126142262262946 0.678861473820799 0.037819014704104766 0.06560080409525809
0 0.4859192641222906 0.6738338703555805 0.030990087102841866 0.04589298808060304
0 0.570053879506906 0.6821821890735833 0.03820162556438033 0.046608558256431766
0 0.9249569660488544 0.5960801141946985 0.03693835350589854 0.034589327487201
0 0.3502500590922168 0.5259711313701547 0.03339393325668802 0.04613151147254595