0 0.40192833278055473 0.8141190898664177 0.05045706068987913 0.04338498938860788
0 0.40503334098403015 0.9253940150656192 0.11421713354379702 0.06829509097841324
0 0.4197127255559766 0.8790910369492365 0.11874480966172986 0.06373935914804299
0 0.4709279764972493 0.8021151915261131 0.0548447287129321 0.03642541140439175
0 0.6380726562065202 0.3188467992222277 0.045369352192427485 0.038325336603593115
0 0.6008852880198057 0.5664378422587395 0.045229344097547614 0.035921490449746955
0 0.5948993811760803 0.6074921972321158 0.042405473659062116 0.028583971749547334
0 0.5452371951241605 0.8018155733583866 0.06289631574374911 0.051226429043451885
0 0.696348704819237 0.34694729325569873 0.0501770445001198 0.03857729708091544
0 0.6310152232607675 0.5840308683869136 0.04508933600266774 0.0335176442959008
0 0.6581468387322595 0.6736762890111418 0.040141635600095836 0.03086183766473246
0 0.026917358556795352 0.5781352216192842 0.053834717113590703 0.08348427095274119
0 0.7284291422685315 0.557357043455852 0.0609124938745423 0.05831198726632932
0 0.7823875269056354 0.5772960364281838 0.04056165988473518 0.038073376126270785
0 0.051127146229094915 0.5005873543125435 0.04508933600266774 0.0335176442959008
0 0.050638239472246147 0.6324209520580985 0.049453295484830656 0.06729747068840798
0 0.08170081429558618 0.5517082463559028 0.045229344097547516 0.035921490449746955
0 0.10275168875979238 0.5194504044466135 0.06303632383862898 0.053630275197298044
0 0.08198195206057614 0.6703206902553039 0.040421651789855205 0.03566952997242477
0 0.16528725157112753 0.5772840248065086 0.04805321453603298 0.043259009149946584
0 0.25675931609125524 0.3028829549809898 0.0549847368078119 0.03882925755823777
0 0.20768087095974458 0.5283303508685996 0.059792429115504205 0.03908121803556009
0 0.18249975769658516 0.6315016543163504 0.05780860724629733 0.04616677625843725
0 0.17651385085285992 0.6725560092897266 0.03519393519752359 0.02820603103356398
0 0.232979405352124 0.5054359330973726 0.04989702831036005 0.03376960477322313
0 0.2916162068972549 0.4244763777274966 0.06812403233608076 0.05868992798231281
0 0.3134952756602946 0.3574257567067687 0.042405473659062116 0.02858397174954747
0 0.34088319878065604 0.4015240806465811 0.06488013761295605 0.044140870820574725
0 0.3494248141435523 0.3783096014690592 0.04763319025139377 0.03604747068840812
0 0.32818763607791646 0.45491261698584107 0.04805321453603298 0.04325900914994672
0 0.3410502801421171 0.8101200474907387 0.03815781373088875 0.03794739588760976
0 0.501951623783563 0.29003297063755185 0.04522934409754748 0.035921490449746955