0 0.22633035003094235 0.3965263776335901 0.044933314404313515 0.05189329734801003
0 0.12049190978762808 0.35221929824171194 0.07465764971739769 0.11413616172165018
0 0.16713575310212125 0.3548988922563347 0.07082072380112166 0.12087065339930284
0 0.25446011680873515 0.3340542959852153 0.040772799690898726 0.05622394287181652
0 0.7502994492824663 0.3530610014244633 0.04188229065618998 0.04684708164837481
0 0.5086899938090874 0.2954304008971389 0.03707459834849754 0.04637003486448892
0 0.4672467938863628 0.28614488301804347 0.03194331724366661 0.04348914192675689
0 0.2716801437825884 0.2629209232892276 0.053439208054407016 0.06222425213922344
0 0.7385115280115964 0.28358798635486776 0.04012562209662134 0.05141625056412414
0 0.49662462339046765 0.2600882787652754 0.037074598348497675 0.04637003486448886
0 0.4192163160845367 0.20078042620487982 0.03369998580323524 0.03891997301100748
0 0.3596270871302456 0.8619649684980142 0.08760150722865571 0.08695967161909698
0 0.5448404238541197 0.1749175325857504 0.06000356892166796 0.05813213000735992
0 0.5394781388766356 0.11698670150149978 0.038831266908066306 0.041800865948739524
0 0.44239798503936856 0.8525339883990599 0.03707459834849754 0.04637003486448886
0 0.3177217266493613 0.8040062190621384 0.06832459834849754 0.049470838959746945
0 0.40042326227154673 0.803107962197617 0.03947844450234369 0.046608558256431766
0 0.43463185390803855 0.7948416807067521 0.05616664300539179 0.06486662168501257
0 0.28857520664361713 0.7593971912855962 0.03402357460037386 0.04132381916485391
0 0.395500220840382 0.7122481612525574 0.04668998296388215 0.04732412843226049
0 0.6776053324826178 0.7268852788714276 0.040772799690898864 0.05622394287181665
0 0.4521293300296415 0.6895774150730325 0.04109638848803749 0.058627789025662534
0 0.34929562107220796 0.6766395973771259 0.04766074935529843 0.054535666893798955
0 0.3080142155480527 0.6685560025749535 0.02856870469840417 0.03603908007327551
0 0.47935753989010155 0.6746959036004866 0.03499434099179014 0.0485353576263921
0 0.570680623911561 0.6473646451608659 0.06162151290736162 0.07015136077659069
0 0.6406463888833007 0.6513840361827999 0.03194331724366661 0.04348914192675689
0 0.6032482017376645 0.6088117633549812 0.046874847187146074 0.06631637427108696
0 0.6276102520732648 0.608830375589398 0.03739818714563643 0.048773881018335144
0 0.5497857710457089 0.6007188624356005 0.04668998296388215 0.04732412843226063
0 0.2150275063300725 0.45732879553836436 0.040587935467634804 0.037231697032990195
0 0.7472711897333293 0.4934288657981036 0.03947844450234383 0.046608558256431766