0 0.1622596153846154 0.5228365384615384 0.03125 0.04326923076923077
0 0.18509615384615385 0.5865384615384616 0.02283653846153846 0.04927884615384615
0 0.6742788461538461 0.6141826923076923 0.027644230769230768 0.037259615384615384
0 0.4326923076923077 0.6490384615384616 0.025240384615384616 0.037259615384615384
0 0.3918269230769231 0.6538461538461539 0.020432692307692308 0.037259615384615384
0 0.19831730769230768 0.6586538461538461 0.036057692307692304 0.054086538461538464
0 0.6586538461538461 0.6802884615384616 0.026442307692307692 0.042067307692307696
0 0.4206730769230769 0.6826923076923077 0.025240384615384616 0.038461538461538464
0 0.3401442307692308 0.7331730769230769 0.021634615384615384 0.03365384615384615
0 0.31850961538461536 0.07451923076923077 0.06490384615384616 0.06850961538461539
0 0.46153846153846156 0.7704326923076923 0.04567307692307692 0.04567307692307692
0 0.453125 0.828125 0.028846153846153848 0.03245192307692308
0 0.40024038461538464 0.09254807692307693 0.02403846153846154 0.037259615384615384
0 0.27403846153846156 0.12740384615384615 0.055288461538461536 0.03365384615384615
0 0.3557692307692308 0.13701923076923078 0.026442307692307692 0.039663461538461536
0 0.390625 0.14783653846153846 0.039663461538461536 0.051682692307692304
0 0.2439903846153846 0.16947115384615385 0.025240384615384616 0.03245192307692308
0 0.34615384615384615 0.2247596153846154 0.03365384615384615 0.038461538461538464
0 0.6237980769230769 0.23798076923076922 0.025240384615384616 0.04807692307692308
0 0.40024038461538464 0.25240384615384615 0.02283653846153846 0.05048076923076923
0 0.2980769230769231 0.25721153846153844 0.03245192307692308 0.04567307692307692
0 0.25721153846153844 0.2620192307692308 0.019230769230769232 0.030048076923076924
0 0.4254807692307692 0.2704326923076923 0.021634615384615384 0.04326923076923077
0 0.5144230769230769 0.30528846153846156 0.04326923076923077 0.056490384615384616
0 0.5829326923076923 0.3088942307692308 0.020432692307692308 0.038461538461538464
0 0.5444711538461539 0.3473557692307692 0.027644230769230768 0.057692307692307696
0 0.5685096153846154 0.34975961538461536 0.02403846153846154 0.039663461538461536
0 0.49158653846153844 0.34975961538461536 0.03245192307692308 0.038461538461538464
0 0.15384615384615385 0.46153846153846156 0.03125 0.027644230769230768
0 0.6790865384615384 0.47475961538461536 0.026442307692307692 0.039663461538461536