0 0.3639720656245462 0.16194824476472702 0.1506607959163628 0.15596484578966094
0 0.2721775291950366 0.2937700657046033 0.10959961232433485 0.13460227641061
0 0.5451399384272743 0.31323486714709053 0.13408561438083816 0.17573184210869422
0 0.6780630604588136 0.4736085119794394 0.08547723693874058 0.12472271071252564
0 0.31450887993930354 0.48260014686144387 0.08279367796111824 0.1004174464504097
0 0.14819595480587716 0.5026522973908162 0.08818876719874034 0.151431821128488
0 0.465321833778115 0.5534952569132209 0.07317829334573361 0.09935023555579128
0 0.8462894922391639 0.5993892578432412 0.08066954463104828 0.12418910526521643
0 0.3177082235102834 0.621354906154907 0.14817303591538378 0.14848650460446786
0 0.35338746144056393 0.7613076560638604 0.058643331293146354 0.08813403459847918
0 0.8465395496499344 0.7847522144130495 0.1622324861675518 0.11883732094639535