0 0.6658081453308266 0.03217680823908628 0.08108975038299676 0.05094227976865751
0 0.2831729546445177 0.9068217891701078 0.16875002037975986 0.15239329910371396
0 0.1983591778722244 0.754702002193932 0.12232144603979417 0.13049296553061723
0 0.48490526791866695 0.773463466947756 0.15267859471972564 0.1739300183136257
0 0.6391062951392018 0.6247598480817002 0.09803115202903658 0.12314157539093092
0 0.25795932585140663 0.5620866361943141 0.09478786430086934 0.09908912868465446
0 0.08892315999825538 0.5162045831091646 0.09903848191822141 0.15198772923708476
0 0.423225663697735 0.5094529524752157 0.0827686335316385 0.09901920284558066
0 0.8242902226815982 0.5179347371424523 0.09322345972134399 0.12311360505530135
0 0.27269530407014847 0.41539608013843954 0.1636904955997713 0.1451537903065458
0 0.3233210862817184 0.2733034388730353 0.06800977997883323 0.0893199072233072
0 0.8407050840489817 0.3231672580096546 0.17710624263366326 0.11639154746728081