0 0.21467799980725621 0.7135467844723501 0.19516408357845189 0.1975350578937976
0 0.3906570053108291 0.7951089004387383 0.16182975617545736 0.1474410152415809
0 0.300891350953022 0.4986711669999612 0.21064455458832276 0.1842886340563085
0 0.41551913285516895 0.33235148250698365 0.14756643862780633 0.12256208721341366
0 0.5753348025718922 0.7268255950432595 0.12022649622413056 0.11109767632067666
0 0.6632709989751402 0.9013395478276472 0.17423315499795594 0.1268149596446122
0 0.5877991229355776 0.5533619453877839 0.11932886151276251 0.10148229170529205
0 0.47948929188520945 0.13502570128595262 0.1442649577625921 0.11277860930008793
0 0.7213437469594862 0.7047954564386866 0.1853242902852252 0.19445883854818702
0 0.8533936621649842 0.6483550518395323 0.10573876999863731 0.08381490213866326
0 0.6795048950466291 0.1287128460053153 0.15708671317018139 0.17337904304006518