0 0.4720953081404897 0.19306048730424305 0.1284003186994533 0.14009436497818714
0 0.5465498896073042 0.21905526962647726 0.0703543037244711 0.0844982297478001
0 0.6179426292720434 0.29071613628788096 0.0561556354792364 0.08681816489475754
0 0.5667886340077479 0.29822136327353016 0.047148827594961557 0.06754544016054388
0 0.48206067227731936 0.3179346207939099 0.09529039997430083 0.09425346604133257
0 0.7247198352109484 0.36937876389360125 0.0900338903109245 0.08941780339801084
0 0.3369969176375982 0.3019607929536894 0.0769572654548998 0.1037569693141989
0 0.06925712946401029 0.27468797048670013 0.04429616408543132 0.06272376268503671
0 0.4101678324591621 0.40604561235638664 0.07365578458968546 0.0941275995309995
0 0.6748457788306745 0.4789845191625454 0.051732111224811646 0.06516956434232722
0 0.34914171925043197 0.42922478742938763 0.06375134199404268 0.0652394901814013
0 0.527041565020344 0.46663044572090884 0.11827146742596845 0.1088024094747427
0 0.23689696147499037 0.4863375120125307 0.08589942403675824 0.09660137152391958
0 0.44232292269298906 0.03727979178118816 0.08650800076786808 0.07455958356237632
0 0.11002181236454119 0.4942832717843459 0.07080312108015524 0.0893059220554924
0 0.7984803686170961 0.6344303720131946 0.08019409701769795 0.08695801657290539
0 0.20272778478242925 0.607864601876002 0.0635915826186168 0.08926396655204791
0 0.6533348704090474 0.6965395886695297 0.06224513055156459 0.07484088962897098
0 0.27876845737943473 0.6554730218311294 0.06464897670541074 0.0748548747967859
0 0.2276467867663475 0.6497640875545321 0.04865503903743958 0.05794404071297411
0 0.10633243568482964 0.6624825767145027 0.1296174721616731 0.10166079685227832
0 0.3590234759383193 0.722277248097489 0.04099468322021703 0.05309439290183731
0 0.4100006175612775 0.7424022667132557 0.07359113528726925 0.06769927700650659