0 0.40757292210470764 0.8180726922465063 0.12041360331177746 0.14314157334867053
0 0.4929673398759346 0.7930552358248284 0.06463144243795546 0.08723774359790162
0 0.5818313250199855 0.7247545629927311 0.05273819190738585 0.08950173333985981
0 0.5308415240249296 0.7121347917176959 0.04211496538271193 0.0701590789795801
0 0.4480297011462563 0.6878734019855275 0.0915776710849078 0.09716081231943992
0 0.7107997025378119 0.6475789024629417 0.086392038061232 0.08989333129314622
0 0.29254069338786526 0.6980910112373448 0.07044697665493707 0.10652445539342636
0 0.01468870942569998 0.7098050840963638 0.02937741885139996 0.06535138667188807
0 0.39063190081203314 0.591244886096576 0.06753920954644627 0.096881099495664
0 0.6832558979590319 0.5313839619546898 0.04679667745174307 0.06781117539048918
0 0.33432537574499815 0.5654738891813309 0.05868992798231281 0.06554718564853114
0 0.5280188506779632 0.5367938788988147 0.113842187662829 0.10943178463006926
0 0.22961675538510307 0.5006268276575541 0.08208826670818435 0.09945277334377572
0 0.33972898358089265 0.9666085127674849 0.08209848832746854 0.05380766770307643
0 0.09955199179044633 0.4841224163932875 0.06488340291527778 0.09204543590559393
0 0.8475056431140153 0.37692159783091456 0.07677665344584739 0.08978144616363601
0 0.22205960146905918 0.3697850399672043 0.05767186445373932 0.09196152205846121
0 0.7095211173162576 0.3052545957988857 0.05931982917561877 0.07756641641776191
0 0.31086570730342156 0.3255088430323797 0.05919384893695733 0.07516257026391575
0 0.2565272083645608 0.3309458891935681 0.044140870820574725 0.0629755118004194
0 0.13392594370876482 0.30954987177447646 0.12535749747741512 0.09995625642657274
0 0.4102950396624578 0.2618899917372754 0.03629943116573045 0.05087236718405577
0 0.46659134311020856 0.24201588301182117 0.07070915875154359 0.06568704206041917