0 0.7900434881165332 0.5768027237756066 0.1493751506658721 0.1277059661169882
0 0.7528161557486427 0.649052695022632 0.09069768898543355 0.07095520487972679
0 0.6748004614958667 0.7172431571277352 0.08992746168043854 0.05893597411049602
0 0.6732277238691525 0.6664262013010838 0.07008051060567357 0.0479758431115825
0 0.6629172922736165 0.5824009025567741 0.10185352821080738 0.09566603960995292
0 0.5824548545588757 0.8206508450508251 0.09673774498111734 0.09052216070637852
0 0.698679350356361 0.43881723652643423 0.11023654913820052 0.07710764357094828
0 0.7566437811426296 0.17484789951451035 0.06511877283698225 0.04523581036185398
0 0.5832499952579707 0.506806098667296 0.1004671190618169 0.07403142422533754
0 0.47833354174120263 0.7686995394462909 0.07038860152767143 0.0527835354192748
0 0.5676392943606771 0.44897096766838235 0.07115882883266618 0.06480276618850557
0 0.5082400299003307 0.6222917940172521 0.11766301428287508 0.11830921478221512
0 0.5242446163358598 0.3348640853346956 0.10379523798165681 0.08862259444635558
0 0.9390658081466324 0.5497967995654001 0.060680052673425036 0.0880007612372614
0 0.5311300799613818 0.20857811560880193 0.09565942675412459 0.0736952376294553
0 0.3079095169236426 0.8847570879891108 0.09371771698327531 0.08073868279305266
0 0.4059008541755395 0.2976132665914851 0.09279344421728156 0.06631560586997573
0 0.2641135837379656 0.7392321123574828 0.08062016798705186 0.06307129322642388
0 0.34936572984638015 0.36972041453190474 0.08077421344805093 0.06547513938027003
0 0.36341799221966586 0.31999606514187057 0.0630230176051341 0.04987540937160517
0 0.3650336271544988 0.20058544728163313 0.11362554928017751 0.1299922589555636
0 0.2742626002498782 0.44898032427622725 0.05534934276059863 0.04215959101624323
0 0.2469891840304386 0.4977801605275852 0.07177501067666206 0.07441815080389019