0 0.7132037888407586 0.748255506690155 0.029581895572542514 0.040001627505215694
0 0.423245990938525 0.7615207128923979 0.030366792542601082 0.04961701212060031
0 0.657351232196588 0.7297710734403343 0.02835539487378414 0.05428469633341301
0 0.8063161592356273 0.705395567510349 0.017170216318282118 0.03449389472312484
0 0.6296334669279349 0.7156861624840118 0.027178049418696358 0.03986161941033609
0 0.7661621370908791 0.7016960856912497 0.01677776783325304 0.029686202415432534
0 0.6054725140124639 0.6712031543674128 0.024381754779820717 0.03491391900776419
0 0.460137933826029 0.680875567184562 0.01996651095715776 0.03944159512569675
0 0.49855051540998024 0.6484473526485289 0.03355553566650594 0.05937240483086507
0 0.4703176119132054 0.6428459072781079 0.029581895572542514 0.040001627505215694
0 0.39915896925464206 0.6143842149052582 0.04900888904582628 0.04352553841810014
0 0.8828965380155938 0.48959871334849947 0.026785600933666734 0.03505392710264378
0 0.33891594477572656 0.5273201622233823 0.02776672214624025 0.047073157871874556
0 0.8726926790387481 0.4237729603074898 0.032378190211417746 0.04494932790778801
0 0.9844225683150071 0.3870744988776239 0.026785600933666734 0.03505392710264378
0 0.8423258864961469 0.3772361262742442 0.021389235898430534 0.02756237245134585
0 0.8134061981505708 0.36322121936536145 0.01677776783325304 0.029686202415432534
0 0.9220944133017693 0.3484373895098705 0.021585460140945346 0.029966218605192003
0 0.8371749009470952 0.34372228821527784 0.031200844756329962 0.030526250984711085
0 0.3295463363786925 0.3829493848977333 0.02997434405757173 0.04480931981290827
0 0.7678803885924214 0.33809713430396654 0.06505091515269065 0.03489021046687395
0 0.5757199636496565 0.32151354303023744 0.02678560093366687 0.03505392710264378
0 0.6171004864931628 0.31064993983137995 0.023793082052276687 0.027702380546225588
0 0.8106346794996132 0.28488620722304187 0.05980161911629896 0.058508647720696146
0 0.33307876947612236 0.3078701217489834 0.029581895572542375 0.040001627505215964
0 0.5818033118997771 0.2776842798814876 0.029581895572542514 0.040001627505215964
0 0.28686617506917156 0.274332575149127 0.031004620513815216 0.02812240483086493
0 0.660811519357176 0.22477707753121254 0.036793434034080974 0.04042165178985517
0 0.8077872459562386 0.9009471545411659 0.029581895572542514 0.040001627505215694
0 0.539687245695965 0.19077208956493655 0.03399713939520547 0.035473951387283126
0 0.5291644727335123 0.13583364826367442 0.031593293241359316 0.03533394329240336
0 0.6767040960722011 0.8928825916646735 0.03159329324135904 0.03533394329240353
0 0.7732749683329115 0.8775968792066582 0.026785600933666734 0.03505392710264378
0 0.8148027585413454 0.8389490371436902 0.03438958788023482 0.04028164369497544
0 0.7189432487512712 0.8481551301696502 0.034782036365264175 0.04508933600266774
0 0.7751638746247189 0.8267660897386896 0.030170568300086405 0.04721316596675443
0 0.67910814059213 0.8335683366108034 0.04518231795070722 0.055264752997571304
0 0.8274843949036254 0.8019812922192794 0.026393152448637654 0.030246234794951476