0 0.3706203186529237 0.13347585602080814 0.031464926683136094 0.0442370164449467
0 0.670221554831474 0.16021470669087357 0.034484954680977994 0.05413337037946153
0 0.424382624684102 0.15988693873643245 0.029985353295283693 0.05837912404889348
0 0.2661604743021841 0.16627119837022813 0.023945297299599762 0.03858641617986388
0 0.4486825950251305 0.18005426866623425 0.031464926683136094 0.04423701644494667
0 0.3066711858761399 0.17485635845073408 0.021233360223755667 0.03349775455304139
0 0.4639367804753393 0.22913019130135262 0.031156835761138223 0.039429324137254355
0 0.6146697420847894 0.23815240120758946 0.024253388221597633 0.04339410848755619
0 0.5680562508873563 0.26660832605173146 0.0424667204475112 0.06699550910608278
0 0.5965477316920814 0.2765983327278883 0.034176863758980255 0.04932567807176916
0 0.6644554643354071 0.31588716111137355 0.05100378683590306 0.05129246330568043
0 0.14041700279694566 0.37713847268175166 0.031156835761138188 0.039429324137254494
0 0.7071371114660546 0.4150380059398056 0.034484954680977994 0.05413337037946146
0 0.13631681416645489 0.4454295576063995 0.03929264698867037 0.05469530901772183
0 0.15788870592327703 0.49861074925138477 0.02588700707044904 0.03165584703745567
0 0.1845154996876522 0.5172951867851333 0.023637206377601753 0.033778723872171505
0 0.06948555734446567 0.5174200755976628 0.026041052531447957 0.034059693191301824
0 0.15643957314649315 0.5326860493839262 0.035810482607831526 0.03758741662166871
0 0.6840049387795684 0.5642637840557552 0.034176863758979985 0.04932567807176916
0 0.22641262041059862 0.5475149622502546 0.06977241968367562 0.04632867939718329
0 0.41950483912599196 0.5939684860831513 0.031156835761138087 0.039429324137254494
0 0.3749566625493386 0.5979644954101365 0.030694699378141347 0.03221778567571603
0 0.17036823066984855 0.5988698644150978 0.06394729037112772 0.06712038682440813
0 0.6636169861856508 0.6429351157527758 0.034176863758979985 0.04932567807176916
0 0.402892842732205 0.6370816252515774 0.031464926683136094 0.044237016444946806
0 0.7048513429451705 0.6817088374159238 0.035656437146832656 0.03518357046782228
0 0.31129947918619033 0.6816932748515002 0.04123435675951971 0.04776473987531368
0 0.4283624531334319 0.7321896399293052 0.04092626583752171 0.04295704756762138
0 0.4260499288127914 0.7905843709194383 0.0361185735298294 0.04239510892936074
0 0.4389168497600592 0.005533503828969188 0.0361185735298294 0.011067007657938376
0 0.3373391294545248 0.006555924893228004 0.033714727375983244 0.013111849786456008
0 0.28622603687139747 0.02588033577143525 0.03642666445182734 0.04720280123705322
0 0.3869869477525061 0.02984510902753301 0.03913860152767143 0.0522914628638757
0 0.32494908413550294 0.044361849786456006 0.034484954680977994 0.0541333703794615
0 0.4246621174006874 0.050870953855965004 0.05433190575574324 0.06599650954788751
0 0.2644212345174208 0.06354579819350624 0.030848744839140217 0.0346216318295621