0 0.30259711808926265 0.273720639386906 0.03390557917451244 0.04522934409754748
0 0.5925962236552793 0.23289930712761034 0.03636536599961788 0.0549847368078119
0 0.3626303386802499 0.28803814945120787 0.033989490181401294 0.0596524210206244
0 0.2145140968624155 0.32750457469302524 0.024248239055683466 0.03745777325648994
0 0.39021862877822144 0.2992636271577099 0.031501733020666424 0.04508933600266774
0 0.2554004592295223 0.32627894307521205 0.021816422566207742 0.032510072853917896
0 0.42122388834146257 0.34315104008345454 0.02906991653119056 0.0401416356000957
0 0.5644485268447158 0.31782767557495456 0.026680055545159193 0.042405473659062116
0 0.5305639254219255 0.3555310237850993 0.041228998978569326 0.06488013761295605
0 0.5606120023450025 0.35728112497109643 0.03391956434232723 0.047633190251393634
0 0.6362282674325452 0.3797202261136553 0.05076047258706495 0.05101709306939821
0 0.1639066597661637 0.5529997933633747 0.03147376268503672 0.04028164369497544
0 0.7066802184331186 0.46317738798953145 0.03396151984577172 0.05484472871293223
0 0.18275982946593342 0.619023704276259 0.038741241817834386 0.0503170525949994
0 0.07547400934394663 0.6668798825156477 0.033877608838882904 0.04042165178985503
0 0.21857278133686678 0.663191133391763 0.024220268720053895 0.03265008094879763
0 0.24976684066560761 0.6746266232405846 0.024220268720053895 0.03265008094879763
0 0.1426138796378614 0.6996462630184351 0.026638100041714834 0.03519393519752338
0 0.22800635877065906 0.6950011657712822 0.03626746982491424 0.03815781373088875
0 0.7346872622103846 0.6090882543588579 0.033933549510141874 0.050037036405239925
0 0.2989477906447502 0.6943237122625431 0.06755942532835867 0.04718945742586446
0 0.4937222623614552 0.6948470602554966 0.03147376268503672 0.04028164369497544
0 0.4539678972321975 0.7081619266899803 0.026624114873900047 0.0327900890436775
0 0.2625334765577806 0.7535216677624235 0.06528144568484565 0.06868406471559997
0 0.7402563448088338 0.6851594284422112 0.03391956434232723 0.047633190251393495
0 0.49347052934078894 0.7381162910247274 0.033905579174512576 0.04522934409754734
0 0.7893813541167172 0.7144719020795542 0.03384963850325343 0.03561395948216273
0 0.4209705526104974 0.8000218174091034 0.03872725665001953 0.04791320644115324
0 0.18921857293092112 0.1288491010339632 0.03390557917451251 0.045229344097547544
0 0.5458796490197012 0.8229272383428514 0.038699286314389965 0.043105514133460934
0 0.5635938288977145 0.8780638375159882 0.03628145499272916 0.04056165988473491
0 0.32030510673851786 0.1232583883587567 0.03628145499272916 0.04056165988473497
0 0.22638029214083294 0.14784614958152267 0.03387760883888287 0.040421651789855205
0 0.19005688164465948 0.19141910508140306 0.03871327148220482 0.04550936028730709
0 0.2851416638158231 0.17411288636761546 0.038741241817834386 0.0503170525949994
0 0.2308873033405071 0.19980885807897453 0.03636536599961788 0.0549847368078119
0 0.3271670160046864 0.18377456648954985 0.053220259412170526 0.06077248577966256
0 0.18140567225334642 0.23179446136470852 0.03144579234940714 0.035473951387283126