0 0.8236620529854171 0.49847845510619726 0.18962811520865394 0.19901969926292745
0 0.7748247783194981 0.2066339430359515 0.18644096709091904 0.16530990296880357
0 0.6069731637242521 0.11743684489524624 0.12790940729444464 0.12790940729444455
0 0.617292949788355 0.4059823085672013 0.1274058560319445 0.10627479190982925
0 0.9675480769230769 0.6790865384615384 0.06009615384615385 0.07451923076923077
0 0.6016460043525113 0.7143450130037932 0.15625200987809834 0.10694619359316267
0 0.5764935647037401 0.9239821747118595 0.08078162672414525 0.0643463546291667
0 0.5005156105310903 0.6531288514130345 0.05187952273771374 0.0612711067919874
0 0.4747207492081738 0.8867764995894234 0.06596689881912396 0.04718373071057705
0 0.4494193897572655 0.6255115907748935 0.07586203413589761 0.059426762040918776
0 0.39239144917494684 0.29143192059150674 0.17866992722660263 0.14110359100950867
0 0.33652656549310966 0.8331065723628208 0.22193915799583339 0.14211069353450867
0 0.30306050531784223 0.42749899403696606 0.2121559229596155 0.13467535451185925
0 0.3048529196848296 0.6077315054351498 0.16637094575598296 0.128804609538889
0 0.21710349061800224 0.14079687017703008 0.1740860354800215 0.15060707534433776
0 0.12620192307692307 0.9651442307692307 0.16105769230769232 0.06490384615384616
0 0.049908366843590374 0.75075532689375 0.05232913373803434 0.1838113104978633
0 0.8858173076923077 0.9795673076923077 0.12259615384615384 0.036057692307692304