0 0.7973073832458322 0.5761526759435891 0.21535675699150894 0.2236736123444446
0 0.6975930806752727 0.8511992449460999 0.20759974775096388 0.19225576192361132
0 0.5224121097715307 0.9069383224239312 0.1418986750739539 0.14507203121303427
0 0.5861316589704371 0.6291252362948179 0.13907523601317953 0.12097761953429507
0 0.9607567551230158 0.435384785775747 0.059160882866556526 0.08547741875128209
0 0.6238494730293104 0.32668721709337556 0.16319761613302658 0.12634481324476504
0 0.6383172390118943 0.11730082607751013 0.09020108641309249 0.07418553980566248
0 0.5186317963312638 0.3663806635800743 0.05886716783170698 0.068650495674359
0 0.5358810420839293 0.1353037070393158 0.07071856143816646 0.0593148617603633
0 0.46307059940329887 0.38329251680646326 0.07805597777178332 0.06669425064273518
0 0.3494637943355003 0.6971083500420404 0.19271511863026583 0.1654777533896368
0 0.3948574288223475 0.16141332870710437 0.2336644218270361 0.1712365980820515
0 0.2895862500038022 0.5483226690738779 0.22156127247641969 0.1661491550729702
0 0.323857318933686 0.37451839417334376 0.18048609140757088 0.15317877191901724
0 0.15404503122436117 0.8109873363344016 0.19047910963919104 0.17503718786474373
0 0.21959526910603402 0.018894063450053365 0.17619407717254734 0.03778812690010673
0 0.09408294455672844 0.18523401931874992 0.10659624999873259 0.18750200987809834
0 0.9400628702556258 0.10667331424187956 0.11204549825117219 0.08670832183739324