0 0.7699717542523644 0.5480769230769231 0.2409850420780881 0.21875
0 0.8313384293981089 0.2439903846153846 0.22891967165946825 0.18269230769230768
0 0.6988029965137237 0.12139423076923077 0.1585148159542632 0.14182692307692307
0 0.6028347786474113 0.41466346153846156 0.15495533918573712 0.11538461538461539
0 0.840700810006124 0.7548076923076923 0.06226869050163941 0.06971153846153846
0 0.4702310531660666 0.7211538461538461 0.18204482447232218 0.1201923076923077
0 0.36668126276598006 0.9278846153846154 0.09864997160647021 0.07211538461538461
0 0.3931690988562608 0.6418269230769231 0.06675279401219268 0.0673076923076923
0 0.28053559949874074 0.8713942307692307 0.07715408079572973 0.055288461538461536
0 0.3526734426874039 0.6033653846153846 0.08774023180253056 0.0625
0 0.4209048448599997 0.25721153846153844 0.21334096412171114 0.15625
0 0.16381018365047342 0.7920673076923077 0.25758096128235825 0.16346153846153846
0 0.2810891224785545 0.3762019230769231 0.24699481027555736 0.15625
0 0.2157927836791941 0.5576923076923077 0.1997037893667867 0.14423076923076922
0 0.30198336409299054 0.078125 0.2133409641217112 0.15625