0 0.339809265380748 0.5892777383970809 0.12098485094040666 0.0839901419651125
0 0.34916964465677525 0.4916656855118843 0.0980136002965634 0.09107898246353366
0 0.48803814300490356 0.672567636865932 0.12712131358446208 0.1392786035035739
0 0.5458494330337864 0.797434051174622 0.12365025653599751 0.12941056447649318
0 0.7139423076923077 0.9771634615384616 0.09615384615384616 0.040865384615384616
0 0.6611176877227816 0.6693767935351492 0.07237432241617424 0.07412936142349344
0 0.6158723421152134 0.44367153872803805 0.09133828892328921 0.07374675056321801
0 0.761684265380748 0.6336185876497881 0.13353506551599173 0.11144306730420549
0 0.8177547836034887 0.7963149043907757 0.09293910526521643 0.08816982748629479
0 0.8528708014555254 0.8558371419465163 0.10362432241617424 0.07741386877554582
0 0.9212692994264303 0.6800892013331269 0.12151583474676095 0.11017979524572369