0 0.5168269230769231 0.27524038461538464 0.052884615384615384 0.10216346153846154
0 0.4254807692307692 0.3112980769230769 0.0673076923076923 0.0733173076923077
0 0.6081730769230769 0.39663461538461536 0.109375 0.09134615384615384
0 0.7331730769230769 0.41586538461538464 0.10096153846153846 0.0889423076923077
0 0.9435096153846154 0.5216346153846154 0.07091346153846154 0.07091346153846154
0 0.6213942307692307 0.5685096153846154 0.056490384615384616 0.052884615384615384
0 0.4026442307692308 0.5901442307692307 0.04927884615384615 0.07692307692307693
0 0.5961538461538461 0.6778846153846154 0.078125 0.109375
0 0.7548076923076923 0.6875 0.0673076923076923 0.07091346153846154
0 0.8137019230769231 0.703125 0.051682692307692304 0.08413461538461539
0 0.6538461538461539 0.8233173076923077 0.07932692307692307 0.09375