0 0.49526108654269696 0.782462455905091 0.06138585061931952 0.11285295543670606
0 0.5902397144924939 0.7606148175303703 0.07488554181064348 0.08818157891126734
0 0.4053915635798259 0.6421767541934249 0.11882632583933081 0.1127251416426429
0 0.2783082268498659 0.6014407218679381 0.10912699706651424 0.1091406747108841
0 0.0661783266705693 0.4557174898532716 0.07960928996090368 0.08636804314637722
0 0.3944979198583074 0.46730759765062235 0.06202686946709171 0.062667341400415
0 0.6176358913788392 0.4827377999678583 0.05805861873372027 0.08611549254992021
0 0.4218864886164314 0.3605676921019151 0.08816393494135556 0.12571504719135015
0 0.2614011382049215 0.3229110255152729 0.07471765349577932 0.08337388660357489
0 0.201793382097518 0.29524703094286625 0.06079824151729491 0.09602603235978299
0 0.36736113262307984 0.20427662599972868 0.09006411615060919 0.1115871254627514