0 0.35719965414236887 0.7482272473967959 0.09365693882791604 0.12257043019257124
0 0.4656019483401803 0.7306916277895509 0.09848324337002513 0.09874180299236784
0 0.3075613050728705 0.596269602594969 0.1544686628498986 0.13153058813959717
0 0.18660689661869198 0.5470570881298777 0.14173386190483905 0.12396932578096116
0 0.029458139329561556 0.3855503904014211 0.05891627865912311 0.09860191343352899
0 0.35837952932939954 0.4102291942266517 0.08167493252751885 0.07428367277738947
0 0.5927824476810247 0.4393623533718126 0.08117927350921611 0.09344449722873914
0 0.4245208052012646 0.29924546430000293 0.1265766025715164 0.1403066354019477
0 0.26366441181668165 0.2535908848491799 0.09800619658613925 0.09393411068467568
0 0.208109508534652 0.2216506857911117 0.08717958277662309 0.1056036175568089
0 0.41838090417573165 0.13164070893525753 0.12009924652022373 0.12333982276618563