0 0.520261607702399 0.4585325509786567 0.08140333595922956 0.08005745212033916
0 0.5360588138829228 0.1459346017537423 0.07164794324896508 0.07726180906683533
0 0.3904809886612881 0.8664824004670364 0.12028489870540723 0.08883617818050901
0 0.461202538722168 0.29348138268397955 0.0761756193668979 0.07265001520897184
0 0.428923943400999 0.10301637355859641 0.07687565984129673 0.08466924597820268
0 0.33450209776841194 0.6485466167877438 0.09540638859766713 0.07343360900828753
0 0.33934086658651774 0.21381981760674024 0.0758718946362482 0.10860975829174979
0 0.19666652697079268 0.6983499217309963 0.07178795134384487 0.07966565522068145
0 0.837673745293636 0.4076130017530692 0.11475345738242601 0.11738848435191944
0 0.7102010166675803 0.5277155405073468 0.10089041283886829 0.12641617361781735
0 0.6109291864645834 0.26705333693929506 0.09993406471559997 0.06882181515042408
0 0.5991673849194524 0.34488448926455173 0.09230250196942216 0.061316429014142346
0 0.522855122183366 0.7863371709259638 0.10614183797208991 0.09305617513871475
0 0.5452230977032546 0.5884606347457709 0.09059869628997483 0.07323771055845868