0 0.5065225308383374 0.4797672277572293 0.10044171266722192 0.09292600686022454
0 0.8276813883030335 0.4537945733595649 0.0922195565588983 0.08280634235101658
0 0.08581350963281852 0.62348660035209 0.11650341402359418 0.13222801181146884
0 0.6765062519933459 0.532819376473346 0.09032101922844486 0.08744594136076764
0 0.8721057101385524 0.5610261038275955 0.10524940497491422 0.09326219345610677
0 0.31304557863830057 0.6732774031082847 0.09449344626416525 0.1044409577356317
0 0.7593307633088446 0.6548436771266359 0.12182367364014095 0.09203500038784868
0 0.2617022944229798 0.8161886959468598 0.09727990327828683 0.08554637510074496
0 0.5542310118810414 0.15256674089590555 0.14028922115035933 0.13150509863703375
0 0.4323532477448036 0.2869135122144483 0.1486413337072623 0.1201582410595675
0 0.7034934420342192 0.3797296424679271 0.0877872166260195 0.1087443701495008
0 0.6208170333809542 0.39453120929459157 0.08222156108323812 0.10119664509208011
0 0.1656239660767486 0.4861981963195774 0.117896642530655 0.1227807204940252
0 0.3722211496162078 0.4558468795004785 0.09398813744077253 0.09963326542793965