0 0.5600961538461539 0.4675480769230769 0.07211538461538461 0.06971153846153846
0 0.8641826923076923 0.49038461538461536 0.06850961538461539 0.06009615384615385
0 0.14903846153846154 0.5420673076923077 0.07692307692307693 0.10697115384615384
0 0.7127403846153846 0.5444711538461539 0.06370192307692307 0.06490384615384616
0 0.8930288461538461 0.5997596153846154 0.07692307692307693 0.06490384615384616
0 0.3557692307692308 0.6237980769230769 0.06370192307692307 0.08413461538461539
0 0.7764423076923077 0.671875 0.09735576923076923 0.06009615384615385
0 0.2920673076923077 0.7512019230769231 0.07211538461538461 0.06009615384615385
0 0.6430288461538461 0.16466346153846154 0.10216346153846154 0.09735576923076923
0 0.5132211538461539 0.27403846153846156 0.11538461538461539 0.08413461538461539
0 0.7548076923076923 0.4026442307692308 0.055288461538461536 0.0889423076923077
0 0.6766826923076923 0.4050480769230769 0.05048076923076923 0.08413461538461539
0 0.2403846153846154 0.4230769230769231 0.08052884615384616 0.09254807692307693
0 0.4362980769230769 0.4254807692307692 0.06370192307692307 0.07932692307692307