0 0.35255362397524925 0.6132126093042738 0.088879879927349 0.08357712385993593
0 0.3351335040007704 0.9478507759513893 0.07842158735457384 0.07614178483728623
0 0.49523911742182264 0.16579150879545984 0.13030720318099398 0.08933596855235056
0 0.4144760562073412 0.7845860679198723 0.08294831034313596 0.07384983896399597
0 0.453125 0.9699519230769231 0.0889423076923077 0.055288461538461536
0 0.5550854936429176 0.39617109846084453 0.1021790795739052 0.07429744008621803
0 0.5453295688969478 0.8611484837482912 0.08207418850326621 0.10739178483728623
0 0.7035776345785625 0.3321364893594023 0.07898352599283406 0.08094947714497867
0 0.03583912301801074 0.6908280284074787 0.07167824603602148 0.1179023716971155
0 0.1485388951941397 0.5542304335684297 0.10864137391389925 0.12958590162467956
0 0.2530281238034329 0.8254204626479704 0.10374001777036088 0.06714185176495736
0 0.26795071159981154 0.7389939013900644 0.09837038682440827 0.06222225917670944
0 0.3527097599528701 0.26129991845801315 0.11404221874233127 0.09375200987809834
0 0.32515915973687337 0.47638819908696617 0.09737138726621289 0.07418553980566255