0 0.135135 0.557292 0.051480 0.071023
0 0.263514 0.642519 0.046976 0.052083
0 0.283462 0.319602 0.064994 0.061553
0 0.296332 0.431345 0.037967 0.052083
0 0.431467 0.283144 0.092021 0.075758
0 0.442728 0.453598 0.092664 0.094697
0 0.502252 0.726799 0.094595 0.078598
0 0.667632 0.659564 0.120335 0.101326
0 0.787001 0.707386 0.093951 0.073864
0 0.594273 0.431818 0.097169 0.100379
0 0.712033 0.519413 0.058559 0.082386
0 0.830759 0.547348 0.036036 0.064394
0 0.666667 0.326231 0.050193 0.076705
0 0.925997 0.357008 0.030888 0.053030
0 0.640927 0.053030 0.056628 0.077652
0 0.563707 0.197443 0.092664 0.101326
0 0.490026 0.215436 0.044402 0.065341
0 0.526062 0.318182 0.066281 0.085227
