0 0.139640 0.563447 0.061776 0.083333
0 0.258044 0.641098 0.050193 0.058712
0 0.507400 0.725852 0.108752 0.057765
0 0.279279 0.318655 0.074646 0.074811
0 0.298584 0.429924 0.042471 0.056818
0 0.423102 0.280303 0.093308 0.081439
0 0.445624 0.451705 0.064994 0.075758
0 0.660875 0.655777 0.131274 0.099432
0 0.785071 0.705492 0.082368 0.087121
0 0.830438 0.544981 0.036680 0.057765
0 0.711068 0.520360 0.060489 0.097538
0 0.586229 0.436553 0.113256 0.100379
0 0.668919 0.329545 0.055985 0.092803
0 0.522844 0.315814 0.067568 0.091856
0 0.541506 0.198390 0.170528 0.107008
0 0.637387 0.051136 0.070142 0.079545
