0 0.361977 0.641509 0.041852 0.082333
0 0.288958 0.668096 0.029386 0.046312
0 0.337934 0.918525 0.077471 0.108062
0 0.495548 0.199828 0.047195 0.180103
0 0.491095 0.358491 0.065004 0.085763
0 0.509350 0.534305 0.039181 0.073756
0 0.651380 0.437393 0.054319 0.126930
0 0.728406 0.586621 0.076581 0.120069
0 0.739537 0.815609 0.132680 0.114923
0 0.837489 0.264151 0.072128 0.102916
0 0.666073 0.298456 0.033838 0.058319
0 0.693232 0.069468 0.043633 0.111492
0 0.894479 0.359348 0.027605 0.084048
0 0.909172 0.465695 0.035619 0.053173
0 0.878896 0.523156 0.040962 0.051458
0 0.783170 0.699828 0.034728 0.058319
0 0.836598 0.630360 0.025824 0.066895
0 0.896260 0.714408 0.032947 0.087479
