0 0.402344 0.348913 0.192188 0.223913
0 0.428125 0.108696 0.121875 0.213043
0 0.649219 0.083696 0.089063 0.163043
0 0.757812 0.094565 0.071875 0.184783
0 0.828906 0.352174 0.070312 0.104348
0 0.591406 0.664130 0.110937 0.097826
0 0.372656 0.657609 0.067187 0.089130
0 0.258594 0.738043 0.076563 0.076087
0 0.232813 0.898913 0.090625 0.123913
0 0.156250 0.938043 0.046875 0.080435
0 0.470313 0.821739 0.100000 0.269565
0 0.596094 0.881522 0.045312 0.132609
0 0.750781 0.848913 0.104688 0.106522
0 0.757031 0.629348 0.073438 0.071739
0 0.842969 0.711957 0.048438 0.054348
0 0.917188 0.808696 0.087500 0.113043
0 0.927344 0.563043 0.095312 0.113043
0 0.686719 0.946739 0.082812 0.089130
