0 0.265361 0.406518 0.074800 0.120069
0 0.365984 0.641509 0.046305 0.085763
0 0.174978 0.500858 0.054319 0.078902
0 0.098842 0.656089 0.042743 0.056604
0 0.096616 0.878216 0.038290 0.075472
0 0.064559 0.757290 0.040071 0.077187
0 0.261354 0.736707 0.029386 0.049743
0 0.290739 0.670669 0.032947 0.041166
0 0.327694 0.907376 0.051647 0.068611
0 0.445236 0.557461 0.039181 0.051458
0 0.498219 0.368782 0.045414 0.089194
0 0.486198 0.246998 0.030276 0.068611
0 0.665628 0.294168 0.040071 0.056604
0 0.651380 0.433962 0.050757 0.113208
0 0.729297 0.586621 0.080142 0.123499
0 0.703918 0.808748 0.045414 0.094340
0 0.509350 0.837907 0.056990 0.101201
0 0.782725 0.704974 0.028495 0.051458
0 0.839270 0.268439 0.075690 0.104631
0 0.564114 0.040309 0.043633 0.077187
0 0.875334 0.524871 0.039181 0.058319
0 0.894479 0.365352 0.029386 0.068611
0 0.793856 0.822470 0.032947 0.046312
