1 0.319010 0.418403 0.088542 0.138889
1 0.207031 0.675347 0.148438 0.173611
1 0.031250 0.159722 0.059896 0.104167
1 0.128906 0.496528 0.085938 0.156250
1 0.049479 0.882812 0.096354 0.140625
1 0.386068 0.530382 0.069010 0.105903
1 0.421875 0.688368 0.098958 0.144097
1 0.516276 0.178819 0.162760 0.138889
1 0.337240 0.046007 0.059896 0.088542
1 0.608073 0.377604 0.078125 0.098958
1 0.728516 0.577257 0.123698 0.154514
1 0.599609 0.682292 0.105469 0.163194
1 0.800130 0.212674 0.141927 0.192708
1 0.893880 0.363715 0.115885 0.092014
