0 0.692045047996419 0.45847912950283065 0.08695681812355224 0.08357712385993593
0 0.9579326923076923 0.46033653846153844 0.07932692307692307 0.17067307692307693
0 0.3211928807752672 0.3309983927119121 0.17022798732862215 0.17906157820854715
0 0.6742368827591854 0.2806224891883542 0.1780481025212704 0.160054609538889
0 0.13830476129509617 0.16541577361506402 0.10676570331483791 0.14160513239391032
0 0.4205969249965934 0.1829360438111642 0.08791910213733664 0.11957886602735049
0 0.2078699068858908 0.06213531914914524 0.14650904454101238 0.12427063829829048
0 0.41692432324241413 0.8274475686823716 0.1405793088441098 0.11840592295961563
0 0.7678516731721298 0.7156896630253199 0.11961791949302053 0.12511391015865397
0 0.6944526219114946 0.6391032918829589 0.1108355202865879 0.10811913666089759
0 0.37417819787473633 0.5501949888950852 0.13080416485329943 0.14216463379668814
0 0.5898511256873641 0.5379479378085466 0.11811170805054257 0.13467334463376077