0 0.43158581402877333 0.7864723967702525 0.14035490016626787 0.11902665966725579
0 0.39066323563343125 0.4556966094059074 0.10708522206568952 0.09593655214052327
0 0.3792392150906284 0.34732925781198853 0.14830431396374863 0.15290442768912
0 0.2311611736853365 0.40807747184706317 0.09602827531024315 0.1313224788441616
0 0.14361473697720054 0.33317300566349606 0.15791969857913324 0.15335227142515606
0 0.7817942467690728 0.7653743885642489 0.06352693331620046 0.0651870624162165
0 0.7826461903245507 0.6408782127672895 0.10099572699336133 0.10761990010772712
0 0.7129651126336056 0.7207122739746008 0.06163655382045455 0.09621314054819845
0 0.7377945961863583 0.4419221005954514 0.1364448425699436 0.1284181224146225
0 0.6531922052995329 0.5918595635333326 0.125996472545607 0.14468524082150047
0 0.6298648860876497 0.30334535853213723 0.09317561180071283 0.12640282560246027
0 0.5675989335089443 0.611403196223648 0.11638108793022252 0.1442373970854645