0 0.5961538461538461 0.2577982275282535 0.13701923076923078 0.1313770895156439
0 0.43028846153846156 0.5387299086408951 0.10576923076923077 0.10719155897833779
0 0.3798076923076923 0.6319649687788562 0.14423076923076922 0.16561960839703388
0 0.25961538461538464 0.5296056797300459 0.09375 0.13746043776576441
0 0.1466346153846154 0.5684600634087794 0.15384615384615385 0.16640450536709286
0 0.9266826923076923 0.38934636856632826 0.0625 0.07240952261307362
0 0.8798076923076923 0.5009046112219075 0.0985576923076923 0.11621827086617838
0 0.84375 0.40781701681495675 0.06009615384615385 0.10346329837055908
0 0.7620192307692307 0.6631646233386888 0.12980769230769232 0.1379999552496384
0 0.7379807692307693 0.503750457836619 0.1201923076923077 0.15404198135650277
0 0.6045673076923077 0.7524753969924395 0.08653846153846154 0.1296602265766822
0 0.6622596153846154 0.45790593265894536 0.11298076923076923 0.15104946247511258