0 0.5471398398388895 0.6703273266909183 0.09582015519027792 0.09112436316314096
0 0.583622182893911 0.9460702576297538 0.18207886602735043 0.08111933744391045
0 0.3632105994261755 0.311430917700427 0.19633610240769242 0.1775529342991455
0 0.3612054388276181 0.6902884625624464 0.17967702975160277 0.18437282177873945
0 0.16715424771987192 0.15484923661495714 0.15155621785096166 0.11164198562029923
0 0.22443295899439145 0.44574159136143143 0.12952995148440175 0.09431151128087614
0 0.07080658595315192 0.2520951154432692 0.13333255114519244 0.1544636152673078
0 0.8909667304759619 0.3039575542171467 0.13310875058408117 0.14484823065192318
0 0.8243094993548082 0.6951430605589736 0.13987268792339774 0.12578531184198738
0 0.7363163341691246 0.6346572656089737 0.11801427197767111 0.11566637596410263
0 0.5991232233447653 0.3203708808762815 0.15457551554786328 0.13814024345288473
0 0.6164017673001072 0.5460526686364311 0.14702827624465825 0.12354931610897452