0 0.8417829366925077 0.4849739448702569 0.12641500735440303 0.13872864832955686
0 0.5087875207570222 0.5520145884492105 0.10277780097680114 0.1067231509126681
0 0.3992118931765924 0.5715010196910865 0.1603769444302472 0.14471155884129827
0 0.45420472049010613 0.7153387730075692 0.13550737436465368 0.09347529219364038
0 0.3770487329698746 0.8083790772082069 0.1633969724280891 0.1544108876141151
0 0.8338694217707362 0.13591258761797212 0.06875498267882016 0.06236264609682016
0 0.7078985668853115 0.14392542511392586 0.11433489536303518 0.09993133323829
0 0.7855291474855901 0.20867282061993955 0.09985093721782115 0.06105007398959117
0 0.5069606439503654 0.20394529388026855 0.13572230104778976 0.13425673265159285
0 0.6549959675866777 0.27707561651305945 0.15193304228071697 0.1252289571382329
0 0.3639603960019318 0.32217257295054313 0.1305456365959625 0.09090355772493006
0 0.6712818891444482 0.3620344062661535 0.14891301428287507 0.1155296283654162