0 0.3433319218593495 0.5104739438908309 0.08417883651045208 0.0936875722350413
0 0.04919683481556851 0.4693431636149437 0.09839366963113702 0.18303572696480466
0 0.7279087209943599 0.4324114271268098 0.15895212274377796 0.19346280565510035
0 0.35953497756695946 0.32664215198076285 0.17041179527765274 0.17563688301998204
0 0.9166291415435368 0.2880401954248835 0.09787674198575101 0.1527847265229999
0 0.6219131809694147 0.26203491536989865 0.08042031589405241 0.12918332590447326
0 0.8454672601864425 0.1639455311472327 0.13598855655019193 0.1452610048598519
0 0.6346153846153846 0.9350961538461539 0.13942307692307693 0.125
0 0.2658914852719553 0.7679508336360559 0.10933641451962575 0.1349588038878816
0 0.34264894898261034 0.6997378056060144 0.10403910875599684 0.11756994217269814
0 0.6743889669495065 0.6552979100191559 0.1195113573703664 0.15531345039517128
0 0.4501889098002472 0.6097965094497154 0.10728229226287721 0.14669706533798205