0 0.44471153846153844 0.019230769230769232 0.06009615384615385 0.037259615384615384
0 0.6177884615384616 0.24759615384615385 0.0673076923076923 0.0733173076923077
0 0.8149038461538461 0.3786057692307692 0.06850961538461539 0.07932692307692307
0 0.06490384615384616 0.4423076923076923 0.055288461538461536 0.057692307692307696
0 0.4423076923076923 0.4723557692307692 0.03365384615384615 0.037259615384615384
0 0.8882211538461539 0.5456730769230769 0.04567307692307692 0.04326923076923077
0 0.7956730769230769 0.609375 0.04567307692307692 0.04807692307692308
0 0.2247596153846154 0.6478365384615384 0.04326923076923077 0.039663461538461536
0 0.9783653846153846 0.7391826923076923 0.039663461538461536 0.056490384615384616
0 0.078125 0.7896634615384616 0.036057692307692304 0.04326923076923077
0 0.4675480769230769 0.12620192307692307 0.037259615384615384 0.04567307692307692