0 0.8483471134353209 0.1684441284701583 0.04844053744010779 0.0667061857464386
0 0.3874511682611906 0.3048722031461546 0.03155767369192557 0.055618636119800544
0 0.8126242638000344 0.3205320746747879 0.03885312316035275 0.07067264090484325
0 0.9326697272302866 0.33525699492407585 0.1185716309360901 0.14492053969415933
0 0.8240910804405807 0.4144324513151013 0.09429542154477707 0.10195206220555533
0 0.45716190536757967 0.5053988484009267 0.024276209391313038 0.04296847748860399
0 0.3402397228784861 0.5732911565283483 0.03882515282472317 0.06586494859715095
0 0.16429045052592114 0.6691725806566955 0.04603669128626164 0.06649587645911673
0 0.4272249084318717 0.69542255984879 0.09938281720876538 0.1504496038571223
0 0.3472546676354679 0.8129396894073369 0.029181797873708986 0.06021601914017083
0 0.5027806443296963 0.09776712738297817 0.03644927700650659 0.0704623316175213