0 0.5877171871239515 0.43244262991508503 0.06485117961418915 0.05778597152815369
0 0.9060126442736394 0.7596779344165877 0.09392125532836104 0.0659652956654082
0 0.5262347773120754 0.2476118273526177 0.07150291340568266 0.04660964871631347
0 0.4887709454745753 0.37737268774238697 0.06429137494414405 0.045766740758922925
0 0.8904403108132962 0.8086133723921408 0.06177556785628888 0.043081925285946454
0 0.25141241108659845 0.6734984103382303 0.05489991219677762 0.049450555790094504
0 0.21036932143710985 0.38712852373472456 0.059819565438478946 0.05241634058220102
0 0.1520479728983622 0.6014610604290441 0.06199948972430702 0.047889617593639036
0 0.1108236861384697 0.5265515895635975 0.061775567856289015 0.043081925285946725
0 0.07055106731765377 0.4312094263904585 0.08279771203120244 0.08379121830052651
0 0.821496107402035 0.6023664849050256 0.06932298911985467 0.0511363717048756
0 0.7875293977886428 0.6829889838005138 0.08816520900893984 0.09637238770801779
0 0.7409145947085322 0.5421922741642653 0.06211145065831621 0.05029346374748519
0 0.6702315047438314 0.8662588259781175 0.1117558268113653 0.08956669628393471
0 0.6138070423774942 0.702563139021168 0.06440333587815321 0.048170586912769084
0 0.6103758424024336 0.5946085925580584 0.04724052999920321 0.03899226321731948