0 0.19581375712272175 0.4653299173499819 0.056459873269088204 0.04456343717008952
0 0.1563480743123945 0.6843067873055584 0.06451264887991447 0.05468310167929748
0 0.2601918300582631 0.46680101369018673 0.06388172101794869 0.04747156321775902
0 0.36340356789658157 0.1609412589253013 0.05144187167407402 0.041823404420361074
0 0.40778427774943055 0.13155731851902386 0.06953065047492867 0.0574231344290259
0 0.3772872509965818 0.28898397160461176 0.08825035713774909 0.08023440289922924
0 0.4050093951999299 0.5319322897660493 0.06346110244330479 0.04266387091006671
0 0.45900439962257916 0.4063104565569552 0.040564631334757836 0.02672795430551963
0 0.4385275753638187 0.4901676620033237 0.04275816820128197 0.02449220144961459
0 0.41297499695420387 0.7822349696956313 0.07244555919672362 0.0361247056402927
0 0.5685433968676645 0.2875557385385521 0.0867781921264955 0.06340747982230617
0 0.5511465686213683 0.37717041942262425 0.0414058684840455 0.036343338920904245
0 0.5190122895665966 0.5669649489361647 0.05039032523746433 0.029804173651130236
0 0.5811799348940891 0.4025453906696498 0.04486126107450134 0.04853066298807613
0 0.5187137163771383 0.7342256199177487 0.04077494062207972 0.029131800459365784
0 0.546793276371369 0.7000087172124437 0.043809714637891656 0.03651143221884522