0 0.9235387357248458 0.54472200146033 0.04406177401732974 0.0735846229891013
0 0.6584656926588395 0.6812188720663 0.09267230254156189 0.08035129979508272
0 0.4792680367835906 0.8598503770681003 0.0980136002965634 0.08535489055260388
0 0.5950931893616151 0.0882382039179924 0.074511365846366 0.06764642445145072
0 0.473478034585441 0.46601549488043104 0.047538074347704025 0.04022462450999843
0 0.29417843703982405 0.9066396982735123 0.053946582997323814 0.054843599882904485
0 0.25156441569543253 0.8010704560975527 0.058754275305016125 0.05503949833273335
0 0.3491162033440733 0.21585430909543613 0.05100913139616859 0.049937958350297615
0 0.07837375356384414 0.9582142695521091 0.06623523813116411 0.036200526001621824
0 0.24038854784604777 0.04239376940573959 0.05287937210270554 0.04522821526751974
0 0.8167022940609967 0.5500276201794789 0.05768706441039757 0.04542411371734873