0 0.46225220687665175 0.7740528305949333 0.05275680159055222 0.05955334296568209
0 0.6931887790462974 0.7048473988317359 0.060558650441046996 0.06465488294811796
0 0.4511382054940312 0.7087306551634799 0.05094326582566238 0.06426308604845997
0 0.11694122170821894 0.7618131605152207 0.04976264504774974 0.05464770143307563
0 0.08006043221828915 0.7310263742618434 0.0686556544860198 0.07216026908439971
0 0.24643091802658793 0.6811945454233447 0.09265151142646026 0.09227258133939878
0 0.4914512688309767 0.526505651361237 0.046135573517970076 0.06406718759863111
0 0.3512903039217044 0.5381963217908903 0.031459945998436004 0.041942826089443594
0 0.4415395076901532 0.5141884827738206 0.027242564079700014 0.046554619947307044
0 0.744780108174609 0.3918086780947065 0.047611349490360604 0.07608641836786188
0 0.20933556705071818 0.4865768660432784 0.07312558700121294 0.08908514138623722
0 0.30348569524441427 0.46001825703499083 0.038376329265496306 0.039832827610340724
0 0.504226612893744 0.393239113660147 0.04014726043236513 0.05425590453341765
0 0.32336914326533667 0.41495940783935037 0.05608871792585372 0.04773001064628032
0 0.678482618252745 0.3084045917535073 0.03656279350060633 0.04454257069311861
0 0.636836741053144 0.2969465239558135 0.04137048580829864 0.04473846914294746