0 0.6502403846153846 0.40384615384615385 0.039663461538461536 0.056490384615384616
0 0.4206730769230769 0.04927884615384615 0.042067307692307696 0.0829326923076923
0 0.8088942307692307 0.49399038461538464 0.027644230769230768 0.06490384615384616
0 0.6778846153846154 0.5060096153846154 0.030048076923076924 0.056490384615384616
0 0.3713942307692308 0.055288461538461536 0.027644230769230768 0.056490384615384616
0 0.3425480769230769 0.6742788461538461 0.03485576923076923 0.04567307692307692
0 0.6009615384615384 0.7632211538461539 0.037259615384615384 0.04927884615384615
0 0.3858173076923077 0.7800480769230769 0.03245192307692308 0.052884615384615384
0 0.44591346153846156 0.8317307692307693 0.027644230769230768 0.056490384615384616
0 0.5264423076923077 0.8858173076923077 0.0625 0.06850961538461539
0 0.5480769230769231 0.15504807692307693 0.03485576923076923 0.06009615384615385
0 0.4639423076923077 0.171875 0.07211538461538461 0.07211538461538461
0 0.5853365384615384 0.24278846153846154 0.03485576923076923 0.052884615384615384
0 0.2620192307692308 0.25 0.06009615384615385 0.0985576923076923
0 0.40384615384615385 0.3317307692307692 0.03245192307692308 0.056490384615384616
0 0.5036057692307693 0.3545673076923077 0.027644230769230768 0.042067307692307696