0 0.5753622385744576 0.8902961314909538 0.04760864827450885 0.06198743269114551
0 0.3352585925089724 0.8674345364751661 0.0551011560551775 0.06514924208008047
0 0.5658717205831943 0.819256342746644 0.0484515562318994 0.06919897115268397
0 0.8983517339355079 0.7995921532573662 0.04436189416327215 0.05452323981791069
0 0.926807647685446 0.7586581611749609 0.06075175632026021 0.07286608936501164
0 0.752950255510295 0.7439464855577457 0.08647603377350285 0.08981571040505215
0 0.4768513449020762 0.6365749227825291 0.04124001777036094 0.0684410079175949
0 0.6122003666977657 0.6163731094301477 0.026411093809828347 0.043139274320651566
0 0.5214161514898721 0.6115799340933791 0.024288216975112374 0.0452904660628015
0 0.19621010436405556 0.5512819352337621 0.04052198753129574 0.08261143042897547
0 0.73409408615189 0.531837736971602 0.06780720318099398 0.09260216741917358
0 0.6356768785037629 0.5226808291689753 0.03814935525992907 0.041998700225287205
0 0.4264017784595823 0.49949797227447085 0.035027478867017584 0.05591646832497141
0 0.6047390617053723 0.48144009217877703 0.0507305246674202 0.0480696645914613
0 0.23751253880517106 0.4475916594969297 0.031218786117520655 0.043644583144044284
0 0.2719624609984847 0.42746934133976144 0.03602647842521296 0.044149891967437