0 0.1692018183338639 0.2134322970135929 0.0689965883790072 0.05741764004578832
0 0.25855647002305543 0.6146248426484531 0.057215674303953495 0.03952350607424703
0 0.31021981570373164 0.21318253495614534 0.07016298912732812 0.048069058154058306
0 0.3360411489380321 0.09539538423816125 0.15008345218444935 0.1351332602169642
0 0.3996972100803155 0.18074109844304195 0.10581509270387048 0.10415530622252867
0 0.45630091694724023 0.5050053238729154 0.04426835948057887 0.030977953994435616
0 0.5092588287443045 0.5998317105108759 0.07078171183009073 0.05287675046175062
0 0.5856135484097478 0.7430057554108465 0.07140043453285336 0.05768444276944306
0 0.6322102058764792 0.491404939068919 0.15543882253770008 0.1215105914648511
0 0.7373022606470255 0.5401632879802307 0.05961952045779958 0.03979030879790157
0 0.0709121289534024 0.5537033750422636 0.07016298912732816 0.04806905815405817