0 0.312438983476605 0.702085802835988 0.10203711158178581 0.0959408231637407
0 0.30495883171822463 0.595114648989834 0.039974378143008624 0.026357098496265535
0 0.3394531443617764 0.6112660524817587 0.04853066298807613 0.04647333331046911
0 0.3591376535036987 0.6541975234584902 0.05898651409316631 0.05967318485761252
0 0.399800878188402 0.7926499256020907 0.02521511462404947 0.019778475021704402
0 0.39652305887855 0.7457749256020907 0.03242665308558793 0.020663940605138882
0 0.38252077516676586 0.5796143857922279 0.03309902627735239 0.030279325220523498
0 0.4114339423455201 0.6522774761985477 0.022643175172262067 0.01707947367338009
0 0.4251423427691273 0.729031673225375 0.025551301219931696 0.024586167329396984
0 0.3763776930833894 0.27023481763325885 0.05881842079522533 0.05726933870376637
0 0.4448191752025244 0.5503239606585222 0.059826980582872016 0.07169241562684328
0 0.054892378352064036 0.32489805666391636 0.045118257046583204 0.031755101192914165
0 0.459343332090942 0.485377509906655 0.040310564738890844 0.031164790803957978
0 0.5194383660042161 0.8335548378238271 0.15766175971612958 0.1075370849444304
0 0.5080585617268895 0.6367346084029205 0.037570531989162465 0.026061943301787512
0 0.5092440114538823 0.5344022669682094 0.06809761881472773 0.053642267173986694
0 0.5339889128168486 0.41113059353705717 0.0831930689295691 0.06502858295624
0 0.5578422477409989 0.4795976043236515 0.06792952551678647 0.05123842102014041
0 0.5917811805416171 0.692295384341015 0.08823586786780305 0.13714396757162461
0 0.5922102104278749 0.5791457352139961 0.08352925552545133 0.06983627526393231
0 0.612029866167878 0.41952121428067346 0.03533477913325743 0.028170634261155507
0 0.6468098254246417 0.47383900103965854 0.06552567936294032 0.05094326582566238
0 0.6762184758558145 0.672872894419151 0.08643738157312096 0.07734296891994893
0 0.683447047633723 0.6058390550069264 0.042714410892737274 0.031459945998435865
0 0.6982486144603874 0.5278190280061442 0.025551301219931696 0.02458616732939671
0 0.6926427589706948 0.4306108363726141 0.09297654684289497 0.0686130498879988
0 0.7567226119847654 0.5290407148862433 0.052834075401945096 0.039852105237886966
0 0.7850556892956908 0.6445303032700767 0.05949079398698979 0.06688472331915098
0 0.8080767944051005 0.7522180428034152 0.17595098249185254 0.16459647764976035
0 0.8018155990400134 0.5774751615588414 0.039974378143008624 0.026357098496265535
0 0.8492871622577725 0.6428841089056017 0.052834075401945096 0.039852105237886966
0 0.9457013850334953 0.7095360454314714 0.10153283168796233 0.08872928470220223
0 0.17700840236284981 0.6568585356962975 0.10259193145827944 0.06979367066591144