0 0.33402433675239585 0.3671518237637448 0.050872353929583516 0.07142840140050037
0 0.17847359514313568 0.500098707219506 0.038881093495982386 0.0752549724956193
0 0.32025856271661435 0.481309938449602 0.0412569693141989 0.07064350443044166
0 0.705629146393998 0.5797217519549472 0.045980750615002494 0.0566128759923941
0 0.44319116194547276 0.7358236911256881 0.048412567104478214 0.06161679254260122
0 0.6750784047847378 0.7024649747999455 0.041228998978569326 0.06583581212274936
0 0.6189586271164453 0.7707781675759633 0.038839137992537826 0.06804343403408097
0 0.5424481126439049 0.8479708048748944 0.07739857262877993 0.0880099449912386
0 0.4044964641495419 0.07881317341138164 0.04849647811136693 0.076039869465678
0 0.4982814270690789 0.0771700433379249 0.0870419275797941 0.09360253426898965
0 0.3798364639984713 0.18063314334240105 0.04603669128626164 0.06622826060777871
0 0.7257455697155586 0.11030954472798091 0.07998422596421843 0.11945616923375334
0 0.5869588179280549 0.23106555079383176 0.0412569693141989 0.07064350443044166
0 0.48382418858161447 0.27916665476042407 0.0363373956639883 0.051020286714643086