0 0.24378852949011726 0.31704816534796915 0.0956523047694445 0.08227619077554629
0 0.2437305694717411 0.4228034109493851 0.038965089724038456 0.021858378069652098
0 0.27526032017313 0.410602372998562 0.04422038315395302 0.0411171176360509
0 0.29426829378183733 0.3684301765476433 0.056463414484294955 0.05080242809050958
0 0.32501775733648486 0.23485588557931164 0.024374162380128246 0.014562928601224922
0 0.3251286526779912 0.28172389299540423 0.029181854687820554 0.014590898936854493
0 0.3224979911458864 0.4463803619499584 0.027001809095085497 0.024192298384424323
0 0.3445532375216343 0.37654994956199417 0.021970316226282094 0.014548943433410134
0 0.35470115340870695 0.3019817707054116 0.024486062660683726 0.019370620908917228
0 0.3357690654980229 0.7539537957158403 0.056463414484294955 0.05080242809050945
0 0.38536066211864284 0.48206744731055856 0.056799115325961665 0.06522550501358651
0 0.015842268457291395 0.6657115477694219 0.03168453691458279 0.026680055545159193
0 0.40545664864561926 0.5480473500309947 0.03667314385074778 0.026652085209529622
0 0.4410457993342947 0.20654036675497064 0.14864882043461536 0.08739155677516418
0 0.44369740136319413 0.40241187278998775 0.036505293429914494 0.019440546747991158
0 0.45216480316383506 0.5033104779963596 0.06596689881912396 0.04605067645407642
0 0.48408319003002087 0.6293096161399683 0.07809802986891021 0.05092829460084266
0 0.503622689971367 0.564300881227511 0.06585499853856848 0.041242984146384117
0 0.5229134290986107 0.35508235483600686 0.0774286380636754 0.12543354020225878
0 0.5298991571209398 0.46800718339551695 0.08066972644358977 0.058153818230196046
0 0.5610342420232366 0.6276601676929716 0.03415739741634615 0.021830407734022665
0 0.592229296822008 0.5782065069414405 0.06104730623087617 0.04121501381075454
0 0.6088084640238779 0.3822231195639049 0.0808375768644232 0.0653653566917345
0 0.620435038872115 0.450655816525539 0.039076990004594206 0.026666070377344406
0 0.6402512746977025 0.5286549500152058 0.024430112520406055 0.016966774755071076
0 0.6403891401702986 0.6259967340781603 0.08776936462457276 0.05338808142594796
0 0.6978316821094548 0.533126998295343 0.04886022504081211 0.03393354951014215
0 0.7184342347160787 0.422445186459809 0.056687215045406046 0.0604178127058942
0 0.7353191178113779 0.3165920446836894 0.16189895428995735 0.1403460979988535
0 0.7397321443199782 0.48841809659633767 0.038909139583760646 0.01945453191580608
0 0.7831982055192304 0.42807720231342483 0.04886022504081211 0.03393354951014215
0 0.8758032375216344 0.3734592274749241 0.09548445434861136 0.07506465231400784
0 0.11207953735202963 0.3478584339169525 0.09984454553408123 0.05586185341886818