0 0.5755772191777189 0.631213381132642 0.06382895080897064 0.049313287389950874
0 0.9475366438277683 0.38397061224937895 0.07619790547529923 0.062032558633580454
0 0.46989440810536365 0.7993533365022076 0.06821697444014596 0.03517022665663369
0 0.46666972207073726 0.6627541300176163 0.061075380758026925 0.037154048525840505
0 0.957488890513459 0.3305959685326843 0.05867153460418077 0.03701404043096063
0 0.3135949833529959 0.31530352662328665 0.05159988570148144 0.04140170845401359
0 0.203632678909259 0.5892827168095228 0.05647752278859318 0.04408557079761922
0 0.19939018048238524 0.3639512147749434 0.056337633229754186 0.039277878489926914
0 0.1423181270687262 0.428469477880255 0.06100543597860746 0.034750202371994214
0 0.07867690003509573 0.5125685304535352 0.07647768459297703 0.07164794324896508
0 0.8416661089800728 0.5173248024356152 0.06602296262455837 0.04224175702329228
0 0.8309979395827309 0.4303544623420693 0.08163510079776706 0.08394719020795545
0 0.7492707834426262 0.5587028023487387 0.058811424163019904 0.04182173273865294
0 0.7627037941818364 0.22075240559103443 0.10765773981355736 0.07106420232855595
0 0.6683279042577255 0.371435401456718 0.06114532553744649 0.03955789467968652
0 0.6376760479734558 0.47641087916322 0.044178512901684286 0.03377014570783579