0 0.8143472669169529 0.7548076923076923 0.11584662312992086 0.11057692307692307
0 0.7017825185949544 0.7668269230769231 0.034670752194651516 0.04326923076923077
0 0.7051803537777652 0.7295673076923077 0.05727613397068318 0.05048076923076923
0 0.7455372853727471 0.7079326923076923 0.06883305136890036 0.06490384615384616
0 0.8784885863530492 0.6598557692307693 0.023113834796434345 0.028846153846153848
0 0.8286549947165575 0.6646634615384616 0.026488447341696777 0.036057692307692304
0 0.6547228071845443 0.6850961538461539 0.03305280820895772 0.03125
0 0.7212678199616328 0.6526442307692307 0.022790245999295584 0.026442307692307692
0 0.7995315445355077 0.6358173076923077 0.02519409215314174 0.026442307692307692
0 0.32301510777846965 0.703125 0.06642920521505392 0.06490384615384616
0 0.597908986584875 0.6201923076923077 0.0835797170891159 0.0673076923076923
0 0.5228119405083042 0.6069711538461539 0.03947844450234369 0.04326923076923077
0 0.8755996626292026 0.53125 0.1332281388766357 0.16826923076923078
0 0.6676900401462049 0.5492788461538461 0.02953947108982045 0.040865384615384616
0 0.55759850026499 0.5528846153846154 0.06772356040360897 0.07451923076923077
0 0.4140612010907411 0.53125 0.07687663164797999 0.0889423076923077
0 0.47884954530826096 0.5036057692307693 0.06259227929877789 0.07211538461538461
0 0.6953807161905327 0.46033653846153844 0.15717432111631935 0.09615384615384616
0 0.5720680224631638 0.4639423076923077 0.0816843239556723 0.0889423076923077
0 0.3944839260509927 0.4483173076923077 0.033699985803235105 0.036057692307692304
0 0.43858535145061883 0.4098557692307692 0.06194510170450038 0.0673076923076923
0 0.6411788286055218 0.3701923076923077 0.09227047496247319 0.09615384615384616
0 0.5660124202420135 0.36538461538461536 0.03707459834849754 0.04326923076923077
0 0.47665409164093503 0.35336538461538464 0.027921527104126653 0.028846153846153848
0 0.3721792160602593 0.3629807692307692 0.08297867914422732 0.0985576923076923
0 0.45518142346774304 0.2920673076923077 0.04863151574671471 0.057692307692307696
0 0.5694797705246157 0.25721153846153844 0.07877202478142345 0.0673076923076923
0 0.6760118336373044 0.22716346153846154 0.19623659189703838 0.18990384615384615
0 0.49045336642013687 0.24158653846153846 0.032266906040805225 0.04326923076923077
0 0.5434305667292383 0.18870192307692307 0.048307926949575815 0.055288461538461536
0 0.5762294540537025 0.08413461538461539 0.10863508466838266 0.11057692307692307
0 0.8181375947452779 0.8990384615384616 0.08667688048662853 0.10817307692307693