0 0.8016826923076923 0.3148571140837594 0.052884615384615384 0.07348901732855605
0 0.3269230769230769 0.3254714427863191 0.038461538461538464 0.05978397064454432
0 0.7560096153846154 0.45735523548182455 0.04326923076923077 0.07717283235972776
0 0.8774038461538461 0.5063999553286676 0.12980769230769232 0.15940311246379865
0 0.7608173076923077 0.5564748664277772 0.0985576923076923 0.11488512669972167
0 0.38341346153846156 0.547218452555109 0.028846153846153848 0.04904470875263897
0 0.2620192307692308 0.5823083480928813 0.04567307692307692 0.07264610937116564
0 0.07572115384615384 0.6314466873987544 0.052884615384615384 0.07589286348240219
0 0.3401442307692308 0.7308629278876888 0.11057692307692307 0.1643668963722958
0 0.25240384615384615 0.8263767785086683 0.036057692307692304 0.06431069363310644
0 0.45552884615384615 0.1469936859751681 0.04326923076923077 0.0747689862058816