0 0.19972594231435728 0.5328105750407148 0.039802033299482446 0.04684829512712614
0 0.23418860764819632 0.6004387767722933 0.031157415075514113 0.053724056958936256
0 0.7597756508854142 0.602613614838507 0.034023574600374 0.0394688683507235
0 0.5068631988983114 0.6525029963778408 0.034023574600374 0.0394688683507235
0 0.46560486319885064 0.6599816345175178 0.026812036138835402 0.039217035878427106
0 0.26016844915663645 0.6768162166720616 0.04622766959286855 0.059035414211221084
0 0.7538583147995767 0.6752746364772002 0.034670752194651516 0.044276560658415814
0 0.499697800086162 0.6889804094726935 0.03194331724366647 0.04178877034713771
0 0.42332931583287664 0.7496107626751243 0.028892293495542933 0.036897133882012906
0 0.29502574651594543 0.04766098087917343 0.07941920237570105 0.0745497651809151
0 0.5579908400976502 0.7811354704814839 0.05454869901969813 0.049755806225564816
0 0.5579906872847963 0.8439292750324963 0.0357802431599425 0.03474512020046315
0 0.38382932963437827 0.061465914288541416 0.029215882292681555 0.039300980035859315
0 0.25455316017178303 0.10583024864319976 0.0649499858032351 0.038156296243494446
0 0.3446280286540764 0.11113777635667411 0.034670752194651384 0.044276560658415814
0 0.38214187054889304 0.12069592168750054 0.050711773103422106 0.056799456372239106
0 0.22945134731741934 0.1525945996128938 0.03337639700609634 0.034661176043031164
0 0.3477944015256724 0.20642547606332554 0.041558701859051084 0.04212454697686592
0 0.6444382448401657 0.20331188316071744 0.035641518586067525 0.05148809911995427
0 0.40936977478364517 0.23325697013110933 0.031157415075514113 0.053724056958936256
0 0.3006419523779227 0.24188412160196157 0.04012562209662121 0.04925214128097229
0 0.2583434880001082 0.25060665489727757 0.02376101239071173 0.03432539941330285
0 0.43944092153141656 0.2503204584744865 0.030510237481236595 0.048916364651243945
0 0.5392466765654209 0.2830623565636114 0.05649023180253055 0.06417888314864174
0 0.6127257786562981 0.28170398283885584 0.02713562493597416 0.0416208820322734
0 0.577684992389411 0.3264002642844321 0.03725946257176132 0.06350732988918505
0 0.603087171403365 0.32672077370831826 0.029863059886959073 0.04410867234355164
0 0.5215181965711652 0.33077679813793226 0.03915485570520493 0.04204060281943383
0 0.18153545457479575 0.4694444285935201 0.0375369117195112 0.03002137205020306
0 0.7419551972180884 0.45228928606569024 0.034670752194651516 0.044276560658415814