0 0.359266114536592 0.12328180433211146 0.053891717909615375 0.04727658729782544
0 0.2964873687742523 0.16777230896183476 0.05847560965619659 0.03802550782140393
0 0.38116355988199846 0.701971193415849 0.04656827916752144 0.04192243728168831
0 0.28623458717996836 0.4514993000251288 0.04651232902724363 0.03951859112784216
0 0.27203430587895333 0.4104338314649698 0.04640042874668808 0.03471089882014999
0 0.22026366860464763 0.20364926810832207 0.06842669511324792 0.05317719502240719
0 0.30656040390235106 0.7040121538390086 0.053779817629059895 0.042468894990133066
0 0.24763317336773544 0.44840412575221866 0.04891617518108978 0.039700743697323744
0 0.17255343625667768 0.37823862527525287 0.04399658259284186 0.0345287462506684
0 0.8839210325571584 0.16178862046986883 0.09095651274230768 0.09327810660927985
0 0.16260536561677397 0.5198654644074016 0.06149490735309836 0.0646499680831932
0 0.0965555465262825 0.527278506221991 0.04181653700010687 0.04396197829657143
0 0.8848452148107909 0.25322585060076347 0.04645637888696596 0.03711474497399607
0 0.8157181380050214 0.1284273539538145 0.052103323298824694 0.07353674242065154
0 0.8250557817971156 0.2192270500915236 0.04891617518108978 0.039700743697323806
0 0.8211712668040068 0.2592548167689483 0.0661347492399571 0.05780273476061792
0 0.7634759442945515 0.1083051726592068 0.04170463671955132 0.03915428598887909
0 0.7266939149803954 0.23510876697872973 0.05154382189604689 0.04949828088219001
0 0.7794446846486115 0.5357344066201182 0.05858750993675207 0.042833200129096236
0 0.7101757226140494 0.3013787574036877 0.06087945581004288 0.038207660390885516
0 0.6811597084689639 0.19280551259106193 0.0588113104978633 0.05244858474448085
0 0.66693145209781 0.15053812095397984 0.036729093991025454 0.03157844238837745
0 0.6965079725847225 0.3349235958975002 0.053667917348504415 0.03766120268244076
0 0.6796550843157589 0.4385442779918144 0.07111029196848297 0.06537857836111954
0 0.6922627964969555 0.5146476683522242 0.04880427490053417 0.03489305138963143
0 0.6409707502321585 0.48361710308056804 0.0683147948326923 0.048369502714714886
0 0.6439900479290602 0.5098772582033941 0.04886022504081211 0.037296897543477585
0 0.626406793019338 0.4269266345204091 0.05148787175576922 0.047094434728343786
0 0.42369438449807706 0.09793099264841662 0.03695289455213682 0.041193827003762104
0 0.5356241603321586 0.6649819680689029 0.04891617518108978 0.039700743697323744