0 0.18011303360700504 0.48049224006004293 0.03845131684225427 0.05052690888015818
0 0.20660299898971704 0.5471296849487632 0.02921387294285315 0.05644409215314174
0 0.723545680686017 0.5259586054379933 0.03326568381857861 0.04266819282434234
0 0.4688588578073439 0.5856611969486551 0.03326568381857848 0.04266819282434234
0 0.4270435105923585 0.5961316932062755 0.02605414535704015 0.04169742643292592
0 0.22138868419985117 0.6213946892077927 0.04401489058191356 0.06559716339751276
0 0.7078423581377604 0.5958550081227956 0.03351764429590094 0.047475885132034504
0 0.45632548446418425 0.6236604220391798 0.030987817903393625 0.04474845018104973
0 0.372432607937607 0.6857903879669442 0.025802184879717825 0.03688973412523375
0 0.33849115523770945 0.017035315563443364 0.07602077201388041 0.03407063112688673
0 0.502104098387354 0.711909412487821 0.05312635424265352 0.05727613397068318
0 0.4932973637039827 0.7748254333965918 0.030609877187409998 0.03753691171951127
0 0.4248985257278678 0.010956490704744517 0.028457991510886307 0.021912981409489034
0 0.29198387433440876 0.05147536951114987 0.05958201127222507 0.043823823439022365
0 0.377950313989253 0.05200719798195493 0.0335176442959008 0.04747588513203454
0 0.41463790749025115 0.05917259679410441 0.046292756497098415 0.06351690604080523
0 0.2605976724764635 0.09927484344032317 0.030609877187409998 0.037536911719511165
0 0.3696423894508843 0.14753693636621806 0.04072918275743927 0.04844665152345078
0 0.662906509410473 0.13105743597539812 0.03389558501188416 0.054687423593573
0 0.42770752704953335 0.16998067655653432 0.02921387294285315 0.056444092153141674
0 0.3195344501264564 0.1845421724277782 0.03857729708091544 0.05293075503400434
0 0.276517179834548 0.19517446308396805 0.020994492572025382 0.03624255653095623
0 0.4540187436935378 0.18701568649426972 0.02883593222686966 0.04923255369160321
0 0.5486454945545238 0.21422097934288933 0.05135240928211305 0.06897177594277505
0 0.6210758297665613 0.21052293081334209 0.026180125595701317 0.04410127258677214
0 0.5810871960121626 0.2558491963017318 0.03439950596652881 0.06430280820895759
0 0.6064535608662085 0.25485536008562104 0.028709951988208634 0.04682870753775699
0 0.5257987344737012 0.26329173863592314 0.03819935636493209 0.04571921657246594
0 0.17196686497479205 0.4174374945773973 0.03516560901777998 0.03337639700609648
0 0.72535029050441 0.3756257887109768 0.03351764429590094 0.047475885132034504