0 0.7596153846153846 0.894908806391614 0.08413461538461539 0.06161094038262313
0 0.3004807692307692 0.09057219094118127 0.17548076923076922 0.17644237895188858
0 0.2283653846153846 0.25739255742299005 0.12980769230769232 0.1478728135134097
0 0.5120192307692307 0.18889270567146518 0.16346153846153846 0.19511334351261278
0 0.6790865384615384 0.3097171899886081 0.10576923076923077 0.13713781955793494
0 0.30528846153846156 0.4389059613808556 0.10096153846153846 0.11287543615145537
0 0.13942307692307693 0.5151408812120928 0.11057692307692307 0.1638040491182607
0 0.4735576923076923 0.4635206190771478 0.0889423076923077 0.10991178532756425
0 0.8737980769230769 0.3835810466415705 0.10096153846153846 0.1369138976899169
0 0.3329326923076923 0.5830511029474442 0.17548076923076922 0.16923084049035025
0 0.3954326923076923 0.7159574263555176 0.07211538461538461 0.09710882802027034
0 0.90625 0.5779830355709105 0.18269230769230768 0.1407205694462232