0 0.8014016453291339 0.6757702291035055 0.16221280565510035 0.15804284061132443
0 0.6416239108045629 0.7736320867076673 0.14032843483383425 0.11428399638615698
0 0.6768231214962372 0.4828016744819924 0.18400351264052042 0.1395115191747503
0 0.5320616496980951 0.3386922973378083 0.13058817250012417 0.09243954666328318
0 0.4491445199548263 0.7282331532568059 0.10358392616955611 0.08686246178197621
0 0.3937779904275543 0.9026997231859923 0.15674951087330166 0.09080509308305168
0 0.4030656181827018 0.565286951904787 0.10246004889303552 0.0772470771665916
0 0.4337225100387783 0.1585473384488503 0.1297452645427336 0.08522800820174471
0 0.30010605841636473 0.7238965769327964 0.15259742103971588 0.15776306149364644
0 0.15994934431298308 0.6848441209368565 0.09328172519758571 0.0602103197514101
0 0.23590470212556822 0.15882148192106593 0.123314206273627 0.17368070243811587