0 0.1455029332519526 0.29550440716349724 0.1719586074489423 0.17008736412377523
0 0.29386630487627335 0.1963165189369947 0.14823966466133243 0.12178667078783133
0 0.30388854345268135 0.4970070727855961 0.19420179956466763 0.15113630771678205
0 0.47799426372641973 0.6477912132767158 0.13878403942137368 0.09766429540223708
0 0.501928295788798 0.24683756096070228 0.10948906821953568 0.09252094770601332
0 0.5294565944578784 0.06482970762133193 0.16740578458968544 0.09559610463692209
0 0.5741272878531251 0.4144494665940593 0.1083670248303254 0.08050171693678256
0 0.6087033185067094 0.8363804091588144 0.1381108133878476 0.09045275694069833
0 0.6552457525915549 0.2522729229912627 0.16211881415571566 0.16757163284041868
0 0.8084357746700941 0.29500985733000484 0.09740518814788884 0.06596675488419522
0 0.8146809820162397 0.8387965568232214 0.13221526622276786 0.18163108309258674