0 0.359375 0.9711538461538461 0.06850961538461539 0.055288461538461536
0 0.6045673076923077 0.11298076923076923 0.140625 0.12860576923076922
0 0.7043269230769231 0.24639423076923078 0.0985576923076923 0.1141826923076923
0 0.4326923076923077 0.25600961538461536 0.12139423076923077 0.15144230769230768
0 0.3076923076923077 0.4098557692307692 0.078125 0.11057692307692307
0 0.6730769230769231 0.4326923076923077 0.07572115384615384 0.08413461538461539
0 0.8389423076923077 0.45913461538461536 0.07451923076923077 0.13581730769230768
0 0.5264423076923077 0.4963942307692308 0.06610576923076923 0.08533653846153846
0 0.14783653846153846 0.5264423076923077 0.07091346153846154 0.11057692307692307
0 0.6778846153846154 0.5709134615384616 0.13822115384615385 0.12139423076923077
0 0.6514423076923077 0.7067307692307693 0.051682692307692304 0.07932692307692307
0 0.15865384615384615 0.7103365384615384 0.15504807692307693 0.09254807692307693