0 0.5685096153846154 0.20552884615384615 0.09014423076923077 0.11778846153846154
0 0.49038461538461536 0.21754807692307693 0.04567307692307692 0.07451923076923077
0 0.4026442307692308 0.2704326923076923 0.03365384615384615 0.078125
0 0.45072115384615385 0.28725961538461536 0.028846153846153848 0.06009615384615385
0 0.5252403846153846 0.32091346153846156 0.06971153846153846 0.078125
0 0.2800480769230769 0.3245192307692308 0.06490384615384616 0.07572115384615384
0 0.6658653846153846 0.33052884615384615 0.04807692307692308 0.09134615384615384
0 0.9278846153846154 0.3545673076923077 0.027644230769230768 0.056490384615384616
0 0.5697115384615384 0.41466346153846156 0.04807692307692308 0.08413461538461539
0 0.2980769230769231 0.43509615384615385 0.03365384615384615 0.057692307692307696
0 0.6201923076923077 0.44711538461538464 0.04447115384615385 0.055288461538461536
0 0.4411057692307692 0.45072115384615385 0.0889423076923077 0.08774038461538461
0 0.7115384615384616 0.5204326923076923 0.06129807692307692 0.0829326923076923
0 0.640625 0.054086538461538464 0.06129807692307692 0.0829326923076923
0 0.8293269230769231 0.5504807692307693 0.046875 0.078125
0 0.13822115384615385 0.5576923076923077 0.056490384615384616 0.07572115384615384
0 0.7103365384615384 0.640625 0.039663461538461536 0.07932692307692307
0 0.2608173076923077 0.640625 0.042067307692307696 0.06490384615384616
0 0.6262019230769231 0.6706730769230769 0.04326923076923077 0.06490384615384616
0 0.6754807692307693 0.6730769230769231 0.03125 0.051682692307692304
0 0.7872596153846154 0.7067307692307693 0.10216346153846154 0.078125
0 0.5300480769230769 0.7163461538461539 0.025240384615384616 0.04567307692307692
0 0.47836538461538464 0.7271634615384616 0.055288461538461536 0.054086538461538464