0 0.375 0.9182692307692307 0.14423076923076922 0.15865384615384615
0 0.2964389949333628 0.8793670135637217 0.0769085599521531 0.09842047737365132
0 0.2226668396710282 0.7950556097198924 0.06514198359461869 0.0995610514690157
0 0.2776376685735038 0.7923268724445983 0.05565655542781321 0.07716847284931123
0 0.3686012115593822 0.7824443164465937 0.10676533144509238 0.11106771492939196
0 0.11062082213456191 0.6933542542369197 0.0990484841601612 0.10550205938661059
0 0.5225773218541152 0.8205014685914711 0.08373748755341613 0.11815655542781328
0 0.809779217499903 0.8859284216374971 0.05034355429672825 0.07185547171822648
0 0.4504437910250758 0.6974758718744068 0.0829795243183272 0.11094501696627482
0 0.16842131081906303 0.5827700726745347 0.057807747169963 0.07501728110716144
0 0.5141420848592679 0.6810820209111251 0.0700796323508902 0.07868439931948938
0 0.3253065760910348 0.616272186923416 0.12751202714603962 0.12751202714603949
0 0.6367923292015185 0.6356434521860899 0.09499875508755797 0.11220828902475634
0 0.7721656770519922 0.6425805607795462 0.07981771492939196 0.10348082409303999
0 0.04275865215417541 0.3980133269207524 0.08551730430835082 0.10449144173982529
0 0.6771306295371248 0.506211112253211 0.07020233031400736 0.10247020644625457
0 0.19881207693237501 0.3514305548576217 0.07109024999767549 0.088299783934874
0 0.5984280840039807 0.4456855155361469 0.07109024999767535 0.088299783934874
0 0.6516303320245819 0.459783701337776 0.05224209162718169 0.0673004338222304
0 0.7813730461079846 0.4624834046712224 0.1414297952457237 0.12422026130852533
0 0.512384043560719 0.36251468578768203 0.044272589930554156 0.059330932125602996
0 0.46082404921614395 0.33279149998605284 0.08209886312012096 0.07994767137797118