0 0.8018530094295068 0.42054129012363567 0.14787397453265866 0.12530211996314206
0 0.7746071626148279 0.5062727918386917 0.08968796750499035 0.06614751257203448
0 0.7002343553228266 0.6000898051712922 0.09386575861937711 0.05446446839868594
0 0.6898477568465489 0.54692777984843 0.07185320251877797 0.04574009025567732
0 0.6679407377460426 0.4622383445873209 0.10068913474564777 0.09326219345610677
0 0.6166343257507083 0.7328726368592545 0.09562948196063313 0.08811831455253209
0 0.6857448378744024 0.30531597139555633 0.10917069721308191 0.07229995126325597
0 0.7081369950946104 0.01772316781966143 0.06679354973376334 0.03544633563932286
0 0.5737974646011329 0.40774804623085975 0.09942933235903613 0.06922373191764522
0 0.49947065459591045 0.7063374858765713 0.06970131684225428 0.05037968926542865
0 0.5493027397984311 0.3495849653110289 0.06780139164305278 0.059826980582872016
0 0.5113911195783161 0.5474314997758134 0.11396816790149017 0.11814112148427387
0 0.48658821539222896 0.24379870122542804 0.10258905994484926 0.08381490213866326
0 0.9528390538575741 0.3501073984541022 0.04995640503755648 0.08492454189165066
0 0.47675319556100004 0.11156189277255445 0.09462164005134396 0.06888754532176297
0 0.3349059588442741 0.8759173963965909 0.09512556100598847 0.07850292993714748
0 0.35639747155891105 0.2373347859632197 0.0941177190966993 0.059272160706378384
0 0.2692104555909664 0.7356115496761031 0.07982062241228355 0.06066744707257772
0 0.3072650488822944 0.3293868196674383 0.0799466026509447 0.06307129322642388
0 0.31376836360227023 0.27384621818206506 0.06464166405723965 0.04523581036185405
0 0.2975457876704425 0.14924118143558276 0.10485670424075007 0.12708413290789403
0 0.23713302282401022 0.43368495409646424 0.054648338725871534 0.03735189870855093
0 0.21620663118095745 0.4902341153694842 0.07083513899020467 0.07201430465004403