0 0.8231919921703695 0.38336224925612683 0.14125483781638146 0.11493239541809103
0 0.8138310487933751 0.4701709527289189 0.08855111041837588 0.0578415942870369
0 0.7606298794321925 0.5680819164787051 0.09251756557678065 0.04864682824629604
0 0.7392813066778477 0.5178713891822663 0.07025202233019948 0.03954250619886023
0 0.698476944755056 0.43908494997400405 0.09588251417393132 0.0871083667078345
0 0.7072930440810528 0.7059718056979357 0.09065420329159551 0.08188005582549843
0 0.6799991487714382 0.283255568548648 0.10820249822378915 0.06433176089330467
0 0.6382505751468659 0.009115492532158697 0.06523402073518515 0.018230985064317393
0 0.592888601972435 0.39503332465690993 0.09858711360840453 0.06349052374401701
0 0.5861995665924488 0.6923436538819099 0.06826879475099709 0.04413988921923052
0 0.5542924875665235 0.34148727006403234 0.06691649503376049 0.055948810701139544
0 0.5616070005805545 0.5358381225979355 0.10718037308789154 0.10718037308789154
0 0.4683261112886034 0.24485178264294957 0.0998489693323361 0.07791360066709387
0 0.9651442307692307 0.2956730769230769 0.06490384615384616 0.08173076923076923
0 0.42812325592706524 0.11756780178312044 0.0935691120133902 0.06066605901552688
0 0.46040137134864495 0.8741179010363967 0.08981296614230758 0.07226467121011382
0 0.3370010319730052 0.25270786957122565 0.09293818415142442 0.05345452055398842
0 0.3631823581534173 0.7457665730440177 0.07872541651566937 0.05459651098390294
0 0.31013701566046936 0.3471035080835475 0.07893572580299126 0.05700035713774909
0 0.30300121054187973 0.29322727890933104 0.06084694700213675 0.04110511520341872
0 0.2597183591678771 0.1722683773651002 0.10123069035028465 0.12097252214900268
0 0.26378669883319 0.4541040832304135 0.05081094381210823 0.03545618574643861
0 0.2544110448058394 0.5130582466466529 0.06556419531652409 0.06775773218304829