0 0.7822805079212494 0.3211990688194359 0.0413963684217389 0.026889848210349336
0 0.8407404532725842 0.599164969336009 0.051545358484432584 0.03180942564755212
0 0.7751958167191508 0.3763336883048206 0.055819445344815546 0.027057675904615053
0 0.7279376532998759 0.23173929240314245 0.03819211409692914 0.01965033846643339
0 0.7637075697562743 0.40260816830286256 0.04112956569808436 0.02448600205650318
0 0.7311379751632535 0.2713887683004152 0.030713772911735868 0.017162578465454378
0 0.7255102123774356 0.42617111804090485 0.03632187339039206 0.024430059491748077
0 0.7566097703494011 0.5657760082994362 0.04059596025077529 0.019678309748810872
0 0.720022405055832 0.5281387806027231 0.05875689694597105 0.03189333949468498
0 0.7194848671470905 0.5557410544483875 0.043800214575585056 0.02691781949272709
0 0.7031836845946119 0.6251728800861499 0.04593463636482161 0.04614858872349632
0 0.509997237214182 0.16078218981048645 0.03685547883770113 0.02923775179944032
0 0.6279895820933799 0.6831160872545421 0.048341104159622825 0.024569915903636178
0 0.4486978494706276 0.17087224416097635 0.048874709606931896 0.029377608211328347
0 0.39609314501444143 0.06462750159132624 0.03685547883770113 0.02923775179944035
0 0.40889705410890637 0.20161876107817941 0.028843532205198922 0.021942299490769066
0 0.3987441315847802 0.22910914979433333 0.030713772911735868 0.017162578465454378
0 0.36924276831378705 0.12553398056111667 0.031247378359045078 0.021970270773146686
0 0.37697873647929253 0.206048841073774 0.03471843540750951 0.03161362667090892
0 0.49110244186549884 0.6935269692870604 0.04620406072943121 0.026945790775104575
0 0.3832472896646977 0.2733425477402775 0.04032391424521064 0.06048775179944039
0 0.39551103920946606 0.4595427251750328 0.03658867611404659 0.026833905645594232
0 0.38029148657685785 0.41975339286587204 0.028843532205198922 0.021942299490769066
0 0.3247585062628586 0.2330497323483198 0.06409557306001765 0.05836361846937029
0 0.41765173281136386 0.6914719220976202 0.04406701729923959 0.029321665646573243
0 0.35397864778494503 0.4530575979899981 0.04166317114539343 0.02929369436419549
0 0.392672907637724 0.736795357990977 0.03231458925366336 0.03158565538853143
0 0.2904193018131915 0.37789502772608236 0.04460062274654873 0.034129357954265555
0 0.9149040478525668 0.22911336012090353 0.04166317114539343 0.029293694364195558
0 0.2757150031412079 0.49415989644027836 0.03979293043885649 0.034073415389510316
0 0.2252329230899612 0.5043758215614674 0.04219677659270264 0.03410138667188779
0 0.9275758664056819 0.35409937447971473 0.03979293043885635 0.034073415389510316
0 0.8982065936760387 0.26252945037454006 0.03685547883770113 0.029237751799440385
0 0.8541408871972765 0.22240446267684796 0.04460062274654866 0.034129357954265485
0 0.8776339459041318 0.31510638165300175 0.04940831505424097 0.034185300519020655
0 0.8501296705991156 0.2619700247269879 0.048874709606931896 0.029377608211328347
0 0.8710854817902973 0.35344204934384094 0.05795386713405238 0.046288445135384285
0 0.8168825826331386 0.21116758574887615 0.03151418108269975 0.024374116926992838