0 0.6405469763880056 0.27421740576653114 0.03602647842521296 0.04488708218334148
0 0.3690060248392364 0.30083148900630097 0.03715035570173369 0.0545024667987261
0 0.5950612160424169 0.3003274211401377 0.037712294339994054 0.05931015910641841
0 0.7434753000834553 0.30403750560146864 0.02344530901772183 0.038532583118742636
0 0.5770167629473311 0.31813054196108903 0.03362263227136681 0.044577720831960176
0 0.708962939030979 0.31261823917690307 0.022883370379461462 0.03372489081105033
0 0.5731612493741151 0.36617194270941 0.030375878160130106 0.037056821019040405
0 0.434565473467189 0.3755638537471444 0.026411093809828347 0.043649636777816386
0 0.48262678960287236 0.4018744117310813 0.043081925285946725 0.0647365741168732
0 0.45893173624270367 0.4118472713877316 0.03602647842521296 0.04488708218334135
0 0.4041739994600232 0.4497863145262761 0.055819186294242554 0.05216966530208412
0 0.8995848376122983 0.505255972048052 0.033060693633106444 0.03977002852426787
0 0.3831013338078722 0.5429657055133978 0.034465540228757356 0.05178925929349864
0 0.9167863938441977 0.5713972636074233 0.0392732325364498 0.05240798199626125
0 0.9060003111285734 0.6209144264554466 0.027129124048893408 0.029535921206120773
0 0.8856924965392066 0.6396101090019395 0.022883370379461736 0.03372489081105046
0 0.9867788461538461 0.6382211538461539 0.021634615384615384 0.036057692307692304
0 0.9146010892445229 0.6539850722351321 0.03758741662166843 0.037984905073184194
0 0.43198996205391044 0.6877670837570454 0.03658841706347333 0.049694774491033926
0 0.8523664516224134 0.6684688542093757 0.07180320141377522 0.04712365630021454
0 0.6824894618330082 0.7140857295917752 0.033060693633106444 0.03977002852426773
0 0.7230738771292626 0.7169410264114112 0.02953297020273956 0.02984528255750208
0 0.9136333146630111 0.7166042305822208 0.06712038682440827 0.067830187630686
0 0.4641765338471471 0.7605722357323967 0.03602647842521296 0.04488708218334162
0 0.7048733324333719 0.7536655551117503 0.03602647842521296 0.04488708218334162
0 0.43558013543764407 0.7995104075822894 0.03462163182956205 0.03286785141411085
0 0.79852967969173 0.7953146827116258 0.041115140052035315 0.04790965103995039
0 0.6689560471258165 0.11213540202492632 0.03602647842521296 0.04488708218334141
0 0.7002061358794488 0.8454047063277719 0.04027223209464491 0.040698112578411653
0 0.7125375609444932 0.9002646481677635 0.03814935525992907 0.042792597380876776
0 0.5509958870453106 0.13602143464294184 0.03786838594079875 0.040388751227030416
0 0.645885371263071 0.1375785810058859 0.033060693633106444 0.0397700285242678
0 0.698254879927349 0.17036279640151014 0.041115140052035315 0.04790965103995019
0 0.6064716651612603 0.17512462677456272 0.04167707869029568 0.05271734334764256
0 0.6672702423052395 0.18886827594371047 0.03686938638260365 0.052098620644879946
0 0.5756275121987158 0.19483202939368616 0.054539217416917134 0.06147568856608743
0 0.7251654735162749 0.20815749847040171 0.032779724313976126 0.03736618237042171