0 0.3485576923076923 0.2283653846153846 0.021634615384615384 0.036057692307692304
0 0.6262019230769231 0.2403846153846154 0.02283653846153846 0.04567307692307692
0 0.40024038461538464 0.25 0.019230769230769232 0.04927884615384615
0 0.2548076923076923 0.2608173076923077 0.015625 0.03245192307692308
0 0.42427884615384615 0.2668269230769231 0.020432692307692308 0.036057692307692304
0 0.2932692307692308 0.26802884615384615 0.014423076923076924 0.026442307692307692
0 0.4423076923076923 0.3112980769230769 0.020432692307692308 0.030048076923076924
0 0.5817307692307693 0.31490384615384615 0.015625 0.036057692307692304
0 0.5420673076923077 0.3425480769230769 0.025240384615384616 0.054086538461538464
0 0.5685096153846154 0.34975961538461536 0.021634615384615384 0.038461538461538464
0 0.6334134615384616 0.38341346153846156 0.040865384615384616 0.036057692307692304
0 0.15745192307692307 0.45913461538461536 0.02283653846153846 0.030048076923076924
0 0.6802884615384616 0.47115384615384615 0.020432692307692308 0.04447115384615385
0 0.15985576923076922 0.5216346153846154 0.025240384615384616 0.042067307692307696
0 0.05048076923076923 0.546875 0.02403846153846154 0.030048076923076924
0 0.18509615384615385 0.5685096153846154 0.018028846153846152 0.025240384615384616
0 0.21033653846153846 0.5853365384615384 0.015625 0.026442307692307692
0 0.1045673076923077 0.5889423076923077 0.018028846153846152 0.026442307692307692
0 0.18509615384615385 0.6009615384615384 0.026442307692307692 0.026442307692307692
0 0.6742788461538461 0.609375 0.021634615384615384 0.039663461538461536
0 0.2512019230769231 0.6117788461538461 0.05889423076923077 0.026442307692307692
0 0.4326923076923077 0.6466346153846154 0.021634615384615384 0.030048076923076924
0 0.3918269230769231 0.6514423076923077 0.020432692307692308 0.025240384615384616
0 0.20432692307692307 0.6598557692307693 0.05048076923076923 0.04927884615384615
0 0.6610576923076923 0.6802884615384616 0.02283653846153846 0.038461538461538464
0 0.421875 0.6850961538461539 0.02283653846153846 0.036057692307692304
0 0.7019230769230769 0.7163461538461539 0.026442307692307692 0.025240384615384616
0 0.3401442307692308 0.7295673076923077 0.030048076923076924 0.036057692307692304
0 0.27524038461538464 0.07572115384615384 0.02283653846153846 0.036057692307692304
0 0.4519230769230769 0.7728365384615384 0.030048076923076924 0.030048076923076924
0 0.45552884615384615 0.8245192307692307 0.026442307692307692 0.03245192307692308
0 0.39903846153846156 0.09375 0.027644230769230768 0.030048076923076924
0 0.30528846153846156 0.09975961538461539 0.02403846153846154 0.030048076923076924
0 0.2620192307692308 0.13341346153846154 0.026442307692307692 0.036057692307692304
0 0.3545673076923077 0.13341346153846154 0.026442307692307692 0.039663461538461536
0 0.29927884615384615 0.14783653846153846 0.02283653846153846 0.04447115384615385
0 0.390625 0.1502403846153846 0.038461538461538464 0.04807692307692308
0 0.24519230769230768 0.16826923076923078 0.021634615384615384 0.026442307692307692