0 0.3477238116622592 0.8542629215228216 0.03212490009682224 0.04681109310296842
0 0.6262981560624673 0.8120418822499361 0.03766120268244076 0.057016788107309355
0 0.397240023919742 0.8251626785843761 0.0352573565285946 0.056721632912831194
0 0.24998580591723396 0.8313442508569104 0.024366903926839028 0.03871408905799548
0 0.4192210130680278 0.8072388054297478 0.02953890137349437 0.0441120917546441
0 0.28722748992655656 0.8201465787740824 0.02400259878787586 0.033906396750303165
0 0.43016667920393853 0.7588454248593361 0.02899244366504975 0.03690055329310564
0 0.5698271222306521 0.7408135017138207 0.024731209065802062 0.04352178136568778
0 0.5267221126556101 0.7173242844621289 0.042833200129096236 0.06241479080395798
0 0.551853489610961 0.7058527594838334 0.03212490009682211 0.04681109310296842
0 0.6106939262543134 0.6657663289568305 0.054123820620400664 0.05427518216096389
0 0.12136494412772511 0.6396512482288542 0.03398228854222364 0.039894709835908114
0 0.6458974886570293 0.5694009983087137 0.032307052666303966 0.04921493925681457
0 0.1141727564497561 0.5744735491795404 0.039700743697323806 0.052504250994095204
0 0.009046027602678947 0.561655600518752 0.018092055205357893 0.040189865030386275
0 0.1313101905397638 0.5244142104414778 0.026224292372240426 0.031797705790935174
0 0.15467525533445417 0.5042340687302426 0.02400259878787586 0.033906396750303165
0 0.048468574516812295 0.5130294331550591 0.02640644494172201 0.034201551944781326
0 0.1277596348431497 0.4912243993783594 0.036203982126588215 0.03778601887654012
0 0.6175454178017185 0.431265053658602 0.03471089882014985 0.04951009445129273
0 0.19226331310744701 0.4724561267424833 0.06800043983503297 0.04883457486629425
0 0.36867419596919354 0.41769099170427704 0.031578442388377356 0.03959955464142995
0 0.32744450621484583 0.41748104570584105 0.026224292372240426 0.031797705790935174
0 0.13730329395736296 0.4293147097673157 0.0646499680831932 0.0674750337081073
0 0.5938906121857895 0.35921357594024894 0.03452874625066826 0.04710624829744658
0 0.35217571528064795 0.3792720578407597 0.03452874625066826 0.04710624829744658
0 0.6285104347211986 0.31857943962231094 0.03583967698762518 0.03297832656884781
0 0.263853010206233 0.344165276509368 0.039336438558360706 0.04769655868640289
0 0.29927884615384615 0.9951923076923077 0.036057692307692304 0.004807692307692308
0 0.36871289753633246 0.2891065247725184 0.04137597957324369 0.04318402157318861
0 0.3643978688112064 0.23398694313030644 0.0389721334193974 0.04288886637871045
0 0.41947115384615385 0.9807692307692307 0.040865384615384616 0.03365384615384615
0 0.3245192307692308 0.9831730769230769 0.038461538461538464 0.028846153846153848
0 0.27657156461188437 0.9607715787740823 0.03933643855836064 0.04769655868640289
0 0.36955709158337235 0.9503528607796361 0.04192243728168831 0.050395560034726936
0 0.3108450133836232 0.9407177123610757 0.037296897543477585 0.05220909579961677
0 0.403921616639852 0.9290970712897063 0.05226643217499927 0.06119156542802419
0 0.2549010864766833 0.9265700268293009 0.02899244366504975 0.03690055329310564