0 0.5294736887237899 0.12560995751024248 0.22753612696766204 0.19833209421527193
0 0.8479034244206923 0.13947523043102641 0.1912540259821278 0.19571847054420383
0 0.9483173076923077 0.3088942307692308 0.0985576923076923 0.13701923076923078
0 0.6666735008955873 0.3342279230408599 0.1207399628822308 0.1352447171670504
0 0.3441587178416381 0.392415101480294 0.1234328670163351 0.16409087101320424
0 0.12587462946323355 0.4476048654889025 0.07538640471000549 0.08693004623727582
0 0.42558706258746704 0.49259427189935323 0.06984083706637087 0.053262214915614885
0 0.18480304876428713 0.5512569460444905 0.056988620888188186 0.07000522698564911
0 0.465379822730761 0.5456816722172831 0.06750164021494093 0.079676552272293
0 0.8295948396896614 0.5610145864034712 0.1643629009341359 0.1907569413905488
0 0.26644057180266145 0.6922805233272121 0.16840225713529258 0.23402617215977956
0 0.7033472254568481 0.6756020472226432 0.16269693011623224 0.22438281720876538
0 0.5107675694348092 0.6973057870911833 0.15340106425169908 0.17627792379621246
0 0.9651442307692307 0.734375 0.06490384615384616 0.18990384615384615
0 0.15261531453887298 0.9270672844225992 0.10699011199267992 0.14237234462170015
0 0.40865384615384615 0.9795673076923077 0.20192307692307693 0.036057692307692304
0 0.01888078970932418 0.12504195550344438 0.026541145526546704 0.1298916033145811