0 0.31402749844116357 0.8645437516892616 0.23631607434427052 0.22883751449324963
0 0.0753174319140003 0.7484383501265667 0.1506348638280006 0.22000812461760033
0 0.04375522521635481 0.5712331624958804 0.08751045043270962 0.1519396202927372
0 0.28416382730278855 0.6503883100253414 0.1307781530734006 0.1467515219764594
0 0.5810157574780941 0.7069326444261587 0.1391453221496191 0.1738125523715297
0 0.7889484497857864 0.7336924013206407 0.08136073515853354 0.09550994072851893
0 0.5527009736641834 0.5993553592385246 0.07234638848803748 0.06364121802575645
0 0.7833084100348449 0.630255972048052 0.061945101704500655 0.07411364203808081
0 0.541952875445959 0.5429486106416264 0.07253125271130127 0.0825626259051445
0 0.2391836091848162 0.412278042841446 0.1787624912258378 0.20489528033455676
0 0.7720284833458154 0.48696587823270876 0.18666734693104287 0.24607002630132266
0 0.3941621710081017 0.36008094306155275 0.18056529943479538 0.23583591898317544
0 0.565528717987699 0.404144256421312 0.16512531647091322 0.19132924280841943
0 0.14663507382317734 0.2096193366237626 0.18773069824694488 0.20132503343238953
0 0.9446195647884684 0.32209737057342763 0.07618300877860552 0.17988287280731158
0 0.7797015711140977 0.18471257691213824 0.19836329452884272 0.122378516364052
0 0.7704326923076923 0.9867788461538461 0.09375 0.021634615384615384