0 0.15475373813367813 0.45574745764829444 0.19342842657204395 0.21409266834199442
0 0.19882963224161326 0.15451260262089284 0.19039519105780534 0.1778809305733031
0 0.3680131543450947 0.06425191655308476 0.132115453295798 0.12850383310616953
0 0.3635797421302747 0.3557300182724244 0.13405774725202305 0.11424173112417325
0 0.02689106955102505 0.6444313968111991 0.032466819430092095 0.07171412945452496
0 0.3883491377324976 0.671805346892125 0.16050005494433073 0.11593623119516175
0 0.4197906843094295 0.887581901013714 0.08522555694262902 0.0678915911349635
0 0.49070749937125424 0.6074890843768622 0.05397555694262889 0.06588900014197699
0 0.5225686388551145 0.8473041000369127 0.06578499125839563 0.05463999667774097
0 0.5431305625582485 0.5776577765425774 0.07552625374585877 0.062467716983275315
0 0.5912798613867514 0.23404752290087022 0.18516790584318465 0.1535343781128437
0 0.6635353964728345 0.7889365716841282 0.2260332904585694 0.15615315094982607
0 0.6875264391829747 0.37106859607575704 0.21637594655249176 0.15313312295198392
0 0.6907573045663228 0.556164749921911 0.17057699175733632 0.14299472073146532
0 0.7689668469022574 0.07864016692222418 0.18061196927964956 0.15728033384444837
0 0.8871019018415185 0.912985543118378 0.1740839460535508 0.0687835808842327
0 0.9627403846153846 0.6983173076923077 0.06971153846153846 0.19471153846153846
0 0.10446116195647767 0.9523100329812304 0.12314162462516066 0.039106318510946744