0 0.5132211538461539 0.18269230769230768 0.1778846153846154 0.16826923076923078
0 0.796875 0.2091346153846154 0.14543269230769232 0.16826923076923078
0 0.8870192307692307 0.3641826923076923 0.11538461538461539 0.11298076923076923
0 0.609375 0.3737980769230769 0.09134615384615384 0.11658653846153846
0 0.33653846153846156 0.040865384615384616 0.05889423076923077 0.08173076923076923
0 0.3137019230769231 0.41346153846153844 0.09134615384615384 0.14182692307692307
0 0.11177884615384616 0.4519230769230769 0.055288461538461536 0.07451923076923077
0 0.3737980769230769 0.5048076923076923 0.056490384615384616 0.04567307692307692
0 0.1502403846153846 0.546875 0.04326923076923077 0.05889423076923077
0 0.4026442307692308 0.5528846153846154 0.04927884615384615 0.0673076923076923
0 0.7247596153846154 0.5829326923076923 0.12259615384615384 0.16105769230769232
0 0.20552884615384615 0.6766826923076923 0.1201923076923077 0.203125
0 0.5973557692307693 0.6790865384615384 0.11538461538461539 0.19471153846153846
0 0.42427884615384615 0.6899038461538461 0.11298076923076923 0.15144230769230768
0 0.8762019230769231 0.7415865384615384 0.1346153846153846 0.15625
0 0.054086538461538464 0.8930288461538461 0.10817307692307693 0.14783653846153846
0 0.2932692307692308 0.9627403846153846 0.171875 0.07091346153846154
0 0.030048076923076924 0.15865384615384615 0.06009615384615385 0.109375