0 0.5178766662393953 0.2815430912803008 0.0700641984073508 0.10926401848109056
0 0.4296402384051524 0.3244197920801271 0.07783055674538303 0.08298954795155417
0 0.6283607460259428 0.40231674575013077 0.12484838005198913 0.10301754370548721
0 0.7576388884484765 0.41417695241758185 0.11746874829250942 0.10048781967956252
0 0.9711538461538461 0.5120192307692307 0.052884615384615384 0.08173076923076923
0 0.6657878947420593 0.5770361644562516 0.06670233244852825 0.06118709540416749
0 0.4460375716293777 0.6104145454517802 0.06083554037051883 0.08029198676285805
0 0.6568613566683694 0.689723218652171 0.0946069398396358 0.11689514984955725
0 0.8189528787550437 0.690151624620091 0.0774943701495008 0.07818185564386172
0 0.8811754688167969 0.704442740378912 0.06391175971612958 0.08994933066893541
0 0.7341706002035591 0.8339269249454164 0.09600222620583529 0.10251403221717335