0 0.441442199282144 0.7806071280976988 0.07540278924810154 0.12056040158165943
0 0.35771439074725425 0.7163494349440173 0.08431872606929106 0.09753255768998333
0 0.5599043849612177 0.6869653090898923 0.13069125078656307 0.12637145305067513
0 0.6883352922434383 0.7064919355002618 0.12100592139175877 0.12295698925004381
0 0.9221949551339189 0.6659692400751122 0.08658268266429822 0.0929775197939871
0 0.6117104919102933 0.5224209162718171 0.06919620135201904 0.07197816968134364
0 0.3972528471084661 0.4347781730653005 0.06735191343352899 0.09095628450041651
0 0.6114270997019506 0.4078592423465802 0.10212487605808736 0.13295498472570372
0 0.7718552889948674 0.4464217033148502 0.08177499035660592 0.09247221097059452
0 0.8344951785537064 0.4481830257112627 0.0701054834844727 0.10322816968134364
0 0.7007155182006913 0.28101116626949246 0.10177515216098953 0.12093575395647295