0 0.5798744998701951 0.7364588910199275 0.07893712287633292 0.11762284832603981
0 0.47859826672846045 0.7154923641304618 0.08328326298640398 0.09132043019257097
0 0.6435046709500872 0.5965554493770407 0.12941789210710214 0.11909168869384928
0 0.7616978290423082 0.5543446390352295 0.12212243506417791 0.11407416204789857
0 0.9489792195278525 0.4096298919939861 0.0880489960034034 0.08905647359756394
0 0.6152012581141261 0.4203402599623666 0.06844059315639871 0.06686229997759231
0 0.393307041080978 0.4403126755583697 0.06641438061878802 0.08842697058278827
0 0.5653200855374112 0.31557597975859186 0.10314342157756574 0.12793768073561937
0 0.7220377210272098 0.278090055118262 0.08324130369571109 0.08891658403872481
0 0.7780245941542805 0.2508876035884666 0.07138991008925188 0.09818224475701189
0 0.5902159827662616 0.15892842164499313 0.10289166583340868 0.11351460381254246