0 0.5103133053403148 0.4464285086821607 0.08816520900893984 0.08702794241197946
0 0.5549722841515679 0.13255177100755272 0.07821394159152817 0.07976046327918179
0 0.34126348381141636 0.8511487355167394 0.12707459120651426 0.09686708971240093
0 0.4665238588802578 0.27725803594402504 0.0805058268113653 0.07737060229315035
0 0.4514982525295217 0.0838882722375576 0.08346947763525656 0.08940381823019597
0 0.30600277375117746 0.6278567613975282 0.09996051791015251 0.08229017594336095
0 0.35282197143312527 0.19020292455156543 0.0844771260413376 0.11103843361481136
0 0.16227251479610122 0.6695472709139859 0.0784378634595462 0.08456815558687389
0 0.8338282016308121 0.41450641927190107 0.1234984691729213 0.12328142706907891
0 0.693950653117004 0.5282703579002989 0.11192708213972662 0.1328268858453896
0 0.6199518161875517 0.25954305471086236 0.1043203664818088 0.07270276166360604
0 0.5994301822883312 0.338967873962489 0.0968849061522523 0.06785311385246938
0 0.4828434656778405 0.778229203752004 0.11265151428343746 0.09678317870551194
0 0.5245881462775116 0.5785211732172735 0.09504086466845124 0.0798583594538855