0 0.5157572313585786 0.569600541921913 0.0964079016179414 0.09790179246585796
0 0.831351276570493 0.6506830880193731 0.08891658403872481 0.08778212795664987
0 0.12104248431733529 0.3517091616608685 0.11202003979114995 0.13977573686888925
0 0.6947259908241965 0.5447798305849413 0.08658268266429822 0.09001788081255505
0 0.8956919513983187 0.5504021594245642 0.09874180299236784 0.09566603960995292
0 0.3561868768909499 0.3416559505178211 0.0919499332073465 0.1095848366392065
0 0.7990448786978714 0.4364551337138534 0.12037641837698324 0.09717887929142308
0 0.33051034868159235 0.18931439967817235 0.09372427634641713 0.08811831455253223
0 0.5073067748756095 0.9014153578016527 0.1359186117707725 0.13664897754060837
0 0.4094449172714478 0.7464348541776163 0.14285037111463283 0.12753787281904694
0 0.6937853493926975 0.7012819705318528 0.08240449337138145 0.1113163096012882
0 0.6151578741099696 0.6716964301613342 0.07738696672543072 0.10376858454386724
0 0.17803895730611238 0.5038320792199058 0.11160037111463292 0.12535265994581232
0 0.37729127078445646 0.5683486388287595 0.08940619749466149 0.10460905103357294