0 0.5747867241331928 0.5174262277982126 0.09258982026434218 0.09716404853967447
0 0.5990279055687755 0.21654379187791256 0.08247015575513422 0.08877188930022338
0 0.43486648405837774 0.885134095628136 0.1294879790617402 0.1136106072260771
0 0.5220707620129585 0.34293743564593043 0.0848740019089805 0.08906704449470154
0 0.4942842679035616 0.1500607352482924 0.08795022125459112 0.09897758430456431
0 0.385664007844977 0.6586461536746728 0.10427286443769071 0.0938321322043727
0 0.40390437053734934 0.23786656525654326 0.09186690708990743 0.12090735488365786
0 0.24619039093922973 0.6748858433543089 0.08297443564895762 0.09598342776176211
0 0.8911699033022089 0.5431655596231727 0.12876506588730544 0.13735391357006074
0 0.7601767612675236 0.6295595205560645 0.11982205446368528 0.14578867740753274
0 0.6704368503596554 0.35162167308819026 0.10634052399565465 0.0893195950911587
0 0.6553831435860793 0.426035930858203 0.10119664509208011 0.08392159239451005
0 0.5687172121580621 0.8396055193106288 0.11763684159045053 0.11453867740753274
0 0.5971689627171384 0.6500591967524577 0.0994651721299984 0.09324182181541665