1 0.6716900086139652 0.1690155221441216 0.1048971694889617 0.1165034666797197
1 0.08094268719385801 0.2812368564241252 0.0886525668710691 0.0922971774469925
1 0.42888219629193425 0.22994828826566155 0.12522085413662046 0.13115031386181744
1 0.24817279667207787 0.3445348800372011 0.08031225024205554 0.10901221539440524
1 0.6337541576690254 0.3045111600890868 0.09568195276312608 0.08997724514027915
1 0.420721193415849 0.36939933647111606 0.11615192722968058 0.1382499671938455
1 0.7458420954276797 0.33348402677125394 0.09265992339966381 0.1451817928316079
1 0.6735790015851226 0.44572355701901656 0.11797345292449644 0.16228842873230703
1 0.5365956335664774 0.47540716520587056 0.06887533993185521 0.08486186872643323
1 0.5737448218827825 0.5408005088013248 0.07422948994799228 0.09212934975272692
1 0.4674277139968305 0.6261781621211155 0.10711886307332627 0.11412759180825123
1 0.39927814552634844 0.8587638421142629 0.0827160963959017 0.109040186676783
1 0.4848147679326613 0.8729919621260105 0.13035698883269026 0.16723597745188756