1 0.7573575813684443 0.2389595202868216 0.11594402209720737 0.10489716948896177
1 0.8693927490614161 0.8234239974680911 0.08940381823019604 0.08606656814774119
1 0.7896129107408109 0.4818942716441791 0.12807513420895644 0.12503870156713887
1 0.7475727720289834 0.6807207548860693 0.10618878580367462 0.08013009767257383
1 0.6427273636906785 0.30723035015952377 0.08705591274760903 0.09549980019364436
1 0.6619013908950393 0.525124800846271 0.13523073199923574 0.115969774660199
1 0.5735612467739172 0.20819792564455805 0.14472025010428716 0.0950637695535099
1 0.4960438002187114 0.3045325049596092 0.1616730396915433 0.1179734529244963
1 0.5180901766987139 0.4420802620619918 0.0844982297478001 0.06887533993185521
1 0.4424459412755415 0.4231213022771684 0.09175172371278305 0.0766333361018383
1 0.40206224359461784 0.5439138618037993 0.11116430012514464 0.10934055665769084
1 0.20896438930538958 0.665158963937581 0.10621675613930427 0.08493778998026613
1 0.16371786000066396 0.5883807574251233 0.16414681168446352 0.13017483626320853