1 0.8096252466589099 0.7671430599373695 0.0895436699083439 0.1106256815884275
1 0.2753420679533979 0.8317543550221898 0.0750087116427487 0.09021756690257021
1 0.5846838240927021 0.7800460932622479 0.10646848915997062 0.12882617436295318
1 0.3986025172707546 0.7275790990827458 0.06789506935591373 0.1064558172519494
1 0.7369162937665459 0.6565909128483646 0.08219227976865759 0.08599854732242179
1 0.5372921742387041 0.658333146873493 0.09928492103406174 0.1330451939431016
1 0.8238323548360069 0.5987511394250464 0.07769226115289084 0.13849071422200782
1 0.7292999867935277 0.5188848972303324 0.09942477271220987 0.157083655481563
1 0.6053690507762102 0.5316158872023653 0.0605576643840422 0.08423252913978985
1 0.6177938514120702 0.46288546995340024 0.062975495705703 0.08683259953615054
1 0.5026329987124915 0.4150051678511576 0.09196150123000499 0.1132257519847882
1 0.37866790113078636 0.22691689185577937 0.07029891550976003 0.10665204149446386
1 0.4462133412913302 0.19154578603080546 0.10906812766322392 0.162676244759314