0 0.7513119762366197 0.5096458226076572 0.14357590268768988 0.16168660715942082
0 0.43743336067825134 0.3458546077241182 0.11248961932345959 0.12154497155932512
0 0.33141855495536576 0.29453266834883995 0.1800536192800214 0.1709982670441558
0 0.44248438478913765 0.15630078180747148 0.14798727925163283 0.11402970836713709
0 0.3960401417689916 0.06294485440075982 0.179073562615863 0.12588970880151965
0 0.6146461304302797 0.8817508265465014 0.0761756193668979 0.07391178130793136
0 0.4890505352394255 0.8375585673148768 0.12422883390293088 0.11743731972603164
0 0.59239221131392 0.7908128427145419 0.10954944933098446 0.0710642023285559
0 0.30797905333344977 0.7175395873783231 0.15036741686458888 0.15489509298252158
0 0.48386799257841323 0.6797447697303092 0.16649429946711314 0.14385591887744936
0 0.2050788669340238 0.5510430447607492 0.14275956265930123 0.10653815371583902
0 0.531967502620996 0.5942919317147811 0.1635304209337479 0.13410052616718487