0 0.4861104592876604 0.12057969531902399 0.13976078764284197 0.11938282463398514
0 0.40550472249674185 0.4797877096900724 0.10554744008621803 0.0949527651422371
0 0.3806020486011223 0.5978978409758764 0.14300388590085483 0.1554684882240551
0 0.22767706219145342 0.5359581086887426 0.09207551554786335 0.13565032206335614
0 0.12501205926859027 0.6189056287029377 0.1526192705162394 0.15558037335356545
0 0.8627320084166669 0.1342310357807746 0.0640666039277778 0.06803494564951011
0 0.8490662682654383 0.27024414244972556 0.09867160246634626 0.10929192821818123
0 0.7833501401385151 0.1844469198942706 0.057582417289850425 0.09920103180237728
0 0.7783246769040068 0.4850675455369279 0.13036920358856846 0.1288863241198593
0 0.7048644790438572 0.32482102041818617 0.11879757394156015 0.1479772369387406
0 0.6472621261962612 0.6392781681193047 0.08715592295961563 0.13078668719090858
0 0.613070724075481 0.306653159917766 0.11158603548002141 0.14789332309160771