0 0.5808186902709115 0.13435500954654309 0.15771211999681228 0.14166892345795234
0 0.6302886753172043 0.4982281523220368 0.12031089648101173 0.11114335560166334
0 0.6456140675670484 0.6203764624321546 0.16660307246848605 0.17806249856767173
0 0.8035665009196644 0.5720656757051708 0.11248688680977145 0.14915705032716586
0 0.8970992069063416 0.6664808134545296 0.1763304180178797 0.18091418845755397
0 0.20506129700267683 0.10969762709263667 0.07318232741581782 0.07776609785549209
0 0.2053774743895706 0.2457948371199669 0.11617496977737361 0.12534251065672222
0 0.2799757049682867 0.16643495291852017 0.07212201247007978 0.10650029076763691
0 0.25785714894471634 0.4673932130825015 0.15094842527130992 0.15094842527130992
0 0.3459794550470897 0.31633614080453015 0.1420048062599794 0.16492365845835075
0 0.3763832983362792 0.632916087041164 0.1074552726340611 0.14412543615145523
0 0.43824762963514413 0.30601602946056783 0.13479326779844095 0.16458777565632382