0 0.2272752747915295 0.5361818789477635 0.10555809705168073 0.1213391302697897
0 0.5420283801552812 0.4266784819811221 0.08705107683620028 0.0922971774469925
0 0.645977505691075 0.3941977455565074 0.13921194320552688 0.1217307282230761
0 0.5695574329457528 0.2591776194119615 0.12198870438485457 0.07348597745188737
0 0.6321167042979781 0.15621697632573817 0.13977197558504584 0.1313461128384607
0 0.28702989794523776 0.880672275865456 0.06077248577966256 0.05355592616167799
0 0.40822597084259393 0.8552072789257364 0.0985102752259121 0.08282164924349572
0 0.3234150235244698 0.8032736871419599 0.09386629955398963 0.044332139499580044
0 0.5945014608000112 0.7700508696690245 0.11461344928754613 0.11183563078391555
0 0.4411108940498317 0.7177125363560865 0.13314417804391654 0.10004017027370547
0 0.7164686997944365 0.633925035805249 0.11690099588740292 0.06862234257943975
0 0.4123121572854581 0.6362614799490932 0.13272415375927735 0.09282863181216701