0 0.48426385184711973 0.17257765032069636 0.15479902481756 0.1291100943788802
0 0.45530286503677336 0.5265435754418855 0.1170468324388792 0.10224821745090842
0 0.4495529160490689 0.642976271850347 0.16160930811823868 0.16041603694363551
0 0.29037605229008867 0.5954850615727257 0.10733828358463281 0.13816605334671264
0 0.20352765742397314 0.6833504748934955 0.1689748920407762 0.16290379694461438
0 0.8518678273135136 0.1552366267810437 0.06937116452281564 0.07046676308573385
0 0.8579364815146102 0.2874201939602046 0.11075956674333462 0.11658738052685248
0 0.7808916421472589 0.20965797856579937 0.06912395482295498 0.10409263795720246
0 0.8187619121589018 0.5007471334402049 0.14804962273901842 0.13623771899328588
0 0.7252305236533501 0.35313352317237323 0.1371087101967804 0.15292478565832085
0 0.7124964195842934 0.6604482185525833 0.09966460874009733 0.13087060103804132
0 0.6344701110401236 0.3424692154678283 0.12733928012039678 0.1504090543749642