1 0.29643961941675945 0.2110772393091357 0.11131486736519314 0.09084822743469725
1 0.2412637082942916 0.7530772202979209 0.08650617852173685 0.07784950441632187
1 0.28703547667319873 0.43846313167537576 0.12681626251526282 0.1082628458611071
1 0.34352217647727107 0.6277751923362931 0.10271691975466404 0.06891976437533852
1 0.40900299197830664 0.28399456981490123 0.08712236036573273 0.08746488903170661
1 0.4113565712014096 0.4890826444566324 0.1335656645938044 0.10134515507431192
1 0.4657262871908458 0.19639701889344613 0.13714099321350495 0.08231028429337155
1 0.5487341598233815 0.2944833171676316 0.1552002799784198 0.10222669809854192
1 0.5388697231024799 0.42115254413461933 0.08317805960189695 0.06332847826833064
1 0.6088589118749478 0.4096189693465187 0.08798575190958939 0.06352437671815964
1 0.6582433789647057 0.5255157730902138 0.10921911213334513 0.09555797051747507
1 0.8499169055143838 0.6544031195653999 0.10287096521566305 0.07132361052918466
1 0.8850360259533763 0.5851058202380267 0.1583743534372607 0.11434387809268724