0 0.6009615384615384 0.24674023350225285 0.09615384615384616 0.10784382197574509
0 0.5012019230769231 0.26973808551010964 0.026442307692307692 0.04209695488948377
0 0.5204326923076923 0.29827800375141245 0.04567307692307692 0.05020418082309433
0 0.5637019230769231 0.3063029159481901 0.057692307692307696 0.06518706241621636
0 0.6983173076923077 0.30536118979115623 0.019230769230769232 0.027337995164379788
0 0.6526442307692307 0.3164550858911389 0.021634615384615384 0.03225764840608118
0 0.49759615384615385 0.3525028364167885 0.028846153846153848 0.03259353120810811
0 0.5697115384615384 0.3570635875139818 0.019230769230769232 0.0249341490105337
0 0.6418269230769231 0.34960510784194443 0.02403846153846154 0.02996576318624405
0 0.2091346153846154 0.43642329356647624 0.055288461538461536 0.0650751014822072
0 0.4795673076923077 0.42137466787325933 0.06971153846153846 0.06815071324010748
0 0.21153846153846154 0.10360256219279301 0.03365384615384615 0.04724052999920307
0 0.421875 0.4547452977647354 0.03125 0.03991703060365559
0 0.5709134615384616 0.45808110644252475 0.02403846153846154 0.03717730164778251
0 0.47475961538461536 0.4896603613898567 0.055288461538461536 0.07228663994374565
0 0.36538461538461536 0.5494699850462929 0.0625 0.08464175351500348
0 0.4326923076923077 0.5526048911985451 0.05048076923076923 0.07206271807572762
0 0.6334134615384616 0.5234920907267592 0.13221153846153846 0.09990785137049557
0 0.5288461538461539 0.5558814054819825 0.06971153846153846 0.08978532862472285
0 0.38461538461538464 0.6236829802106727 0.028846153846153848 0.03740122351580055
0 0.43990384615384615 0.6418830816928799 0.05048076923076923 0.06725502576803531
0 0.6286057692307693 0.6134123996279719 0.07932692307692307 0.0926370185146051
0 0.5673076923076923 0.6394035496568958 0.03125 0.04472472291134776
0 0.4987980769230769 0.6770780476530238 0.021634615384615384 0.027449956098388604
0 0.4074519230769231 0.699265839852989 0.0673076923076923 0.09448105999840614
0 0.5096153846153846 0.7340722564714489 0.038461538461538464 0.05467599032875971
0 0.6201923076923077 0.7272032286666327 0.0673076923076923 0.0656349061522523
0 0.5612980769230769 0.7641236473218734 0.02403846153846154 0.04198499395547482
0 0.6286057692307693 0.7912970150125873 0.040865384615384616 0.0523841051089223
0 0.5372596153846154 0.1259848072125525 0.07211538461538461 0.1043203664818088