0 0.8274380194511205 0.1978295242111816 0.05604368616265713 0.06941700373168357
0 0.37995900816482703 0.26557723331891014 0.03672900308475491 0.0606356713300277
0 0.7741749496890934 0.3378656531175547 0.046484244112027485 0.07343979906931718
0 0.883074437888674 0.3698028346985218 0.1314579979679712 0.15242303217271533
0 0.7719101178818213 0.4293099190849659 0.09973248616755206 0.10900673240463991
0 0.4172449107011919 0.4666664563943411 0.029321665646573243 0.04322007552556073
0 0.29900890864468865 0.5147429827390985 0.048860118983496084 0.0712321771579857
0 0.12050892504776593 0.5821481920697994 0.053667811291188396 0.07162462564301506
0 0.36113045426727697 0.6453603480047675 0.11228317130195706 0.15566093054029023
0 0.2711112522034314 0.7451687219008871 0.03675697436713253 0.06303951748387385
0 0.5153864020344763 0.08160986478242292 0.04405242667580385 0.07083972867295635