0 0.4392418441828826 0.3112615139975006 0.0671430648340263 0.04996543212124981
0 0.03799878205243826 0.5122861480601174 0.07599756410487651 0.055682406561395774
0 0.5609818995361832 0.1523242756353119 0.0736828376915109 0.035752189536431445
0 0.5531742813527284 0.29411622632252526 0.06669522109799034 0.0403500475058652
0 0.02927577098177814 0.5676095819882887 0.05855154196355628 0.035542355198172886
0 0.6870947028726259 0.6747246705028774 0.052496066042931326 0.04473807113704053
0 0.8186247120970196 0.40895616785337385 0.057415719284632655 0.047281806849725536
0 0.8065625784212224 0.642094272386741 0.06188752879029817 0.040210157947026204
0 0.8694577556176017 0.5837467380260749 0.06647129922997244 0.035542355198173024
0 0.9381682735277542 0.5039044778396324 0.07810198065751915 0.07909136508508177
0 0.15876894286625048 0.3897563259027186 0.07172683527370069 0.045297629372396495
0 0.16533173506621573 0.4814172312562602 0.08805324807493083 0.08658268266429822
0 0.25763618470614136 0.3601371663922856 0.062111450658316074 0.04501785025471851
0 0.21976723389021935 0.7080653556852023 0.11404771203120244 0.07773669062252828
0 0.32630048578237986 0.5655353717234196 0.06669522109799034 0.0403500475058652
0 0.36602655564254116 0.4619822633326949 0.04964437615304922 0.03505274174223635