0 0.2854949300082042 0.833913020055934 0.05831140675670488 0.06941700373168357
0 0.6896933581441709 0.6944885545702769 0.04114860087775495 0.06083189557254251
0 0.2835289858083513 0.6888727762332711 0.04891994400933824 0.07343979906931718
0 0.16568454380288528 0.6780558652731291 0.13641338741422396 0.15242303217271533
0 0.25065223833787303 0.5999796237846335 0.10577585862392593 0.11160680280100074
0 0.5778189425441013 0.5033586044498384 0.03315333587815321 0.04341629976807527
0 0.6729058458975141 0.43688456762370903 0.05121182922917565 0.0712321771579857
0 0.8181079884824933 0.34097550585779896 0.0561314824708767 0.0740284717968612
0 0.56341225710881 0.32257958230509015 0.11992234713932795 0.15826100093665105
0 0.612012709803907 0.20920616622320867 0.0412605618117637 0.06323574172638853
0 0.6294984990733983 0.8931249746142745 0.04640413692148307 0.07083972867295621