0 0.12694563590163946 0.6528019610415419 0.10853267280512804 0.09300837090041779
0 0.14863909388767912 0.5414548106596241 0.0405646313347578 0.026503188914444784
0 0.18092592967393273 0.5549231742056387 0.049458644094871766 0.04619609452821089
0 0.19145828478155386 0.5984700552857988 0.06493326745455824 0.05913959806343554
0 0.19577180526282195 0.7404205832126524 0.027914472703561212 0.018521423147911574
0 0.20609276103753696 0.6907566234063088 0.035336320452421625 0.02138740568475474
0 0.23675487508105514 0.5178803279098155 0.03356340216054125 0.0284448986852942
0 0.24586028717407526 0.5913982631825531 0.02572093583703701 0.020771223840758725
0 0.2388149260487905 0.6719271093363992 0.02593124512435889 0.023175069994604877
0 0.31432032037970126 0.19140508826702926 0.06451264887991447 0.0543319057557431
0 0.3105075119983628 0.48088406373342324 0.06598481389116792 0.07115882883266632
0 0.3452423258895308 0.4117278258937435 0.04338909606324775 0.031464926683136094
0 0.3543036060314826 0.5677163170911765 0.04035432204743582 0.02409934276059863
0 0.3840950616250009 0.45943577682653153 0.07412803349529909 0.05494808759973898
0 0.4434235315736474 0.3277490983757832 0.0867781921264955 0.06292985336627219
0 0.4505457160874652 0.3966133868018274 0.07370741492065519 0.050140395292046676
0 0.42638956934615513 0.6180753238776714 0.09089393387962949 0.13729503867450396
0 0.45843449445320616 0.4976985301132962 0.0896026568549857 0.0678915911349635
0 0.5245233729424508 0.3297230911633572 0.038371094468233564 0.02875298960729207
0 0.546128567026354 0.3833170526308302 0.06889972261296287 0.049832304370048666
0 0.5243310444422377 0.5914808131300209 0.09044389400427336 0.07750697575034812
0 0.5498710922926648 0.5181330648266447 0.04317878677592587 0.02906108052928994
0 0.5856574526204426 0.4369575962177341 0.028335091278205046 0.023329115455603882
0 0.6078167511777786 0.33394688464377836 0.09639357674188012 0.06354603521026807
0 0.6470606841871805 0.4318275138853377 0.056039254694444304 0.0394466924496693
0 0.6461606044364684 0.5514036397336496 0.06337065844999976 0.06860093721782115
0 0.6823076506918813 0.4797665330096241 0.04035432204743582 0.02409934276059863
0 0.7148805291084057 0.5446094979413332 0.05363540854059815 0.0392926469886703
0 0.02591980461075555 0.6180822533577532 0.0518396092215111 0.07152780097680114