0 0.8328034609122507 0.21496018483970594 0.05397555694262889 0.06588900014197699
0 0.38665313998280115 0.2989011021239732 0.03461890983978126 0.05744509799244691
0 0.7895640228493579 0.357310125521763 0.04444409090863006 0.07008051060567357
0 0.9043551248720962 0.38484873535508185 0.12498783341564518 0.1448755492801775
0 0.7947852247718011 0.44962713425334155 0.09787417707225206 0.10471951074765055
0 0.4394775462001915 0.49886817017349466 0.029559461787932024 0.04271393014737212
0 0.32486917769339346 0.5507335061475984 0.04684793706247621 0.07023455606667242
0 0.1516812730975609 0.6244018020700227 0.051655629370168515 0.0705426469886703
0 0.39929232329688374 0.6783236807791682 0.10828678821080064 0.15100876951472322
0 0.31565513610840495 0.7811480638754003 0.034660869130474156 0.0598489441462932
0 0.5085061931808388 0.110602276613566 0.04199828546409101 0.0675226189908284