0 0.5602818804918017 0.1953078686407728 0.045620012167177586 0.058195790775104575
0 0.7819785375261195 0.23837961630273222 0.0529294998536302 0.06068355077608359
0 0.5431162252711202 0.2627833886427307 0.04341206446316029 0.06297551180041933
0 0.21562789523306414 0.25097646868727413 0.04061642140965628 0.053332155902657094
0 0.1757460930102662 0.2862797784360851 0.05562719368221991 0.06792306051999966
0 0.33673236847099375 0.31564171687559656 0.08025335057016815 0.08262585026685265
0 0.5659650341629852 0.43911643992070293 0.03850642293055355 0.060515723081818004
0 0.42874990494392556 0.4455184953239189 0.025703598362007085 0.04114509743916068
0 0.5147496457453576 0.45773268300447884 0.02109180450414377 0.045896847182097744
0 0.8042968059678395 0.5456663404005646 0.034286425972348086 0.07488285744013969
0 0.28177655741555174 0.5145044645742677 0.06112053056431335 0.08480592616167798
0 0.3724370666873045 0.5302684789208416 0.035123084527562846 0.03644929026097871
0 0.5677403906417718 0.5724459876120316 0.028499241415511224 0.05078845333692291
0 0.38875180140514776 0.5721260019953173 0.04974205990046862 0.041424810262936734
0 0.7297592231075433 0.6354338009230117 0.030511290669699393 0.04120104000391578
0 0.6882571685302147 0.651534312723431 0.0353189829773917 0.04125698256867102