0 0.7599806719482074 0.21342468728311903 0.10804762966749046 0.11292682896858984
0 0.6459986072209449 0.20042934387617467 0.031464926683136094 0.041536786298718036
0 0.6567227506743909 0.23629121069289477 0.05131187775790107 0.051599772036324834
0 0.6979266668228419 0.2594064949167729 0.06681327290797075 0.06876239595491462
0 0.8371329746571268 0.3091299273756938 0.02107931476275673 0.029293754968376034
0 0.7885939151972067 0.3030373917197109 0.026349143453446053 0.03661719371047011
0 0.612620568972372 0.28065146919754225 0.031002790300139218 0.03432524783717957
0 0.6856906669648191 0.3126547862131939 0.023329115455603882 0.026945858954807687
0 0.763923130306387 0.33129707403199726 0.025732961609450038 0.027001809095085497
0 0.2837719237868082 0.2582126113522433 0.061851535139279434 0.06624664952051286
0 0.5684718051509223 0.3430685489261747 0.08139039529204667 0.07150194295042749
0 0.49712664784053257 0.3567662839037389 0.03883051060567356 0.04410848287339748
0 0.6476123997501217 0.41344947919294817 0.02906108052928994 0.041480836158440226
0 0.5390542091745475 0.4099576201208329 0.06487156313712147 0.07591798427617527
0 0.40191137355538625 0.4300016762637283 0.07300737436465354 0.09050891162008548
0 0.46866376524121994 0.45733717632238213 0.06006387082942916 0.07580608399561967
0 0.689446796845275 0.5027544578580122 0.14814278697788005 0.10185875058408132
0 0.5675134069625478 0.49716647840357864 0.07796911213334486 0.09302465805448726
0 0.39505266572962056 0.5108102731189633 0.03131088122213709 0.03913294014487188
0 0.44439239310560386 0.5481807838450852 0.05975577990743129 0.07099839168792735
0 0.6505212795950835 0.5903279969916128 0.08789258767072748 0.09805615092329066
0 0.5773580173637748 0.5944383224239312 0.034022818297981254 0.04399658259284186
0 0.49143573766930904 0.6060679120893158 0.02588700707044904 0.02940565524893165
0 0.38722310301843016 0.5952526142751066 0.07602740236249571 0.1001802463757479
0 0.480863797271206 0.6664997667771364 0.046966321833205774 0.058699410217307686
0 0.5974341942243822 0.7011017504985572 0.07642865752335536 0.06898619651602572
0 0.5237622134906457 0.7160573586933222 0.02906108052928994 0.04148083615844009
0 0.5837956437090062 0.7700309919352559 0.046658230911207764 0.053891717909615375
0 0.7399976593264619 0.07064761676052288 0.08400916812902892 0.11236732756581204