0 0.4452198168214236 0.809439918741939 0.10293184643780015 0.10912699706651424
0 0.5470447468268186 0.7890110559730572 0.02906108052928994 0.04178877034713771
0 0.5258884093335624 0.7582914257905237 0.048753986143056045 0.049671862068132865
0 0.48095511910441174 0.7495269204164915 0.0615434442172817 0.06211081362452393
0 0.3465708026805255 0.748431816831064 0.02092526930175773 0.027113860951764386
0 0.39027172922168457 0.7379655529743268 0.021233360223755736 0.0319215532594567
0 0.5476627710764705 0.705086300982022 0.030848744839140352 0.032257329889185046
0 0.4740373724621649 0.6977183118726511 0.020771223840758725 0.024710014797918234
0 0.40013432353693 0.7047314276076411 0.025732961609450038 0.02728174926662856
0 0.8376361659425862 0.6264691246538608 0.0615434442172817 0.06211081362452393
0 0.5636281450151931 0.6360882878586562 0.07627461206235636 0.06742217087680877
0 0.8445483853678645 0.9588981520169606 0.03883051060567329 0.044528393130711934
0 0.6202116938694395 0.60208722740805 0.033868772836982246 0.041956658662001746
0 0.4710962096004785 0.5956807665703376 0.026503188914444784 0.03930098003585933
0 0.5651704420308388 0.5665866097906981 0.05975577990743129 0.07164225408247632
0 0.6764728526989819 0.5069140062705151 0.06773754567396449 0.08391331732400349
0 0.6078091918533676 0.5021177516298544 0.05494808759973898 0.07147436576761215
0 0.4032350590765837 0.5285524002445412 0.14046911213334484 0.09604702666235071
0 0.5090974540846762 0.4962721950212928 0.07525717505750097 0.08897284210399206
0 0.6536685972541681 0.43176519432054367 0.03115683576113836 0.03706502219687735
0 0.5972247947582143 0.41180563254575947 0.05223615052389482 0.06658272930248789
0 0.4057177703665854 0.43629812787247657 0.0824687135190393 0.08922467457628833
0 0.46772519337252 0.41208034035211916 0.034022818297981254 0.0443605048158479
0 0.5373758506119213 0.3761371266135433 0.023329115455603882 0.027197805109196473
0 0.6294313505409328 0.35296864106108694 0.07075757367180639 0.0936126460968202
0 0.5239863522020622 0.3169071192145842 0.04425438475736161 0.05431166606096086
0 0.412669642431213 0.3202152543555306 0.07131287429366505 0.06485043640809843
0 0.47045511436238246 0.2862561659836405 0.026657234375443786 0.04170482618970549
0 0.40009695344577967 0.2550176036506722 0.04425438475736161 0.05431166606096086
0 0.5143742122554472 0.9341766486026111 0.07633549328449359 0.105799765180915