0 0.3590250530758373 0.5730601847980328 0.051655629370168515 0.06760138083180295
0 0.6447355282281811 0.9389420749952229 0.056966833166174964 0.09647550501358637
0 0.17537649475858613 0.4890506345686011 0.03735843031917006 0.0747290082864527
0 0.3188668931100534 0.4634404443612738 0.04199828546409101 0.06514159400669765
0 0.6990318631431839 0.927237510501825 0.03719059315639857 0.06511362367106809
0 0.6713477790975255 0.240708678309804 0.044234294455166016 0.05554019455912783
0 0.37807246503611724 0.170485879867876 0.046680099899704924 0.057958025880788834
0 0.6132237119139347 0.12737827988366482 0.04191436688270537 0.060333901699005384
0 0.5407665696808299 0.07767288611146737 0.03719059315639871 0.06511362367106811
0 0.4477298776226081 0.0362620799513057 0.07797205919039768 0.06054367921622734
0 0.49507649039031876 0.8358975478844292 0.046931855643861854 0.07238110280386569
0 0.5857242326478634 0.8075758378313301 0.09045284215724955 0.08705591274760903
0 0.44619017420587714 0.7442577055141647 0.04436017232724428 0.06275173302066642
0 0.7991508622675025 0.7006334556759554 0.08138292832087156 0.1182499720763499
0 0.6357671590951722 0.6263581639883342 0.04440213161793703 0.06515557917451258
0 0.5254419917624061 0.6112917693457766 0.03449303196770286 0.04827271542633008