0 0.5202634333446619 0.7736483921890052 0.048121807545938165 0.06275630764886951
0 0.7491144739411766 0.7158956915692419 0.057933090611151636 0.06812403233608076
0 0.5014203708701083 0.703878703950472 0.04841565522068145 0.06996784611040797
0 0.16633279561429812 0.7373721981942396 0.04552206294226309 0.05780860724629733
0 0.12438587938141239 0.7024001294094806 0.0630346305935873 0.07561558698737897
0 0.28865345387677394 0.6625718296600188 0.08535489055260388 0.0937025829182198
0 0.5209327173452943 0.5206845136556401 0.043510013688074715 0.06728398376680221
0 0.3799159204456366 0.5221094247205583 0.028107444515853237 0.042405473659062116
0 0.46738489962078533 0.5043131776746914 0.02589949681183608 0.047073157871874556
0 0.763294669319264 0.3974560802320664 0.04399975981264685 0.07930321453603298
0 0.22822464954760058 0.4602642912636377 0.06862591670059523 0.09512637240790753
0 0.31944632179089033 0.43907228712932134 0.040126675285084006 0.043105514133460934
0 0.5180533870144992 0.3843771776312532 0.03590667832687854 0.05724857486677825
0 0.3357304339873417 0.39423925877552296 0.052439753729058194 0.05101709306939821
0 0.6850410975729578 0.3073592665446159 0.03301308604846025 0.04508933600266774
0 0.642212638315842 0.29402181314447234 0.03782077835615228 0.045369352192427284