0 0.725964988867555 0.3586121018926987 0.11321228646952318 0.10498393706700618
0 0.7321261385390421 0.4713720692591182 0.04225116724065714 0.029778119815057052
0 0.6965093770666637 0.46001524408293665 0.050596527850146344 0.05200140792721646
0 0.6770164257392881 0.41738384128492 0.06805335212037497 0.06539420839404997
0 0.6384612323005665 0.27783827298483355 0.029853995755443154 0.021585460140945208
0 0.6407493198350356 0.32630764454678596 0.03478766830179635 0.024381754779820717
0 0.6509725020015321 0.4997524384869033 0.03276176286393396 0.0313970689988445
0 0.6233759289227058 0.4274899848726742 0.027450149601596998 0.021389235898430534
0 0.6105803734829396 0.34919333825199456 0.027576129840258163 0.023793082052276687
0 0.6519940159361222 0.8257433510749941 0.06792737188171408 0.06299036224020381
0 0.5860788774669702 0.5403236851045988 0.07108709946752693 0.07760966340579528
0 0.5690783164609816 0.6113598363861528 0.04490697387182589 0.034782036365264175
0 0.5216006297195117 0.45780821726985377 0.04212518700199625 0.0273742736612109
0 0.5183353651336059 0.5661775184354454 0.07754275649709855 0.06377525921026252
0 0.4907847893415582 0.7003269200663784 0.08753608182846652 0.07177169464185969
0 0.46780693821243235 0.6320626841679479 0.07488694986593007 0.058771342660055396
0 0.4370778519996288 0.4122826060777873 0.09865300768850091 0.14687959813863435
0 0.4343846092973402 0.532769250133867 0.09259573461348129 0.0769718354345812
0 0.40975202223306745 0.7033687925575216 0.03756945517162613 0.031789517483873854
0 0.3750750017410058 0.6510484706446982 0.07007925755823777 0.05837889417502632
0 0.3471958033270045 0.4459858058413864 0.09550350172197196 0.0867834442924805
0 0.33848272362081633 0.5201125881255878 0.042377147479318575 0.03218196596890321
0 0.32211717461777567 0.6020641592207068 0.03010595623276548 0.026393152448637516
0 0.3263783990900611 0.7050125177292271 0.09715146644385128 0.07255659161191812
0 0.2613281294589855 0.6103797070039939 0.05743012559570118 0.04537854219322203
0 0.2348602677184673 0.49354798742235356 0.06602744668251244 0.07240952261307362
0 0.21539287043930203 0.5655898375383159 0.04212518700199618 0.0273742736612109
0 0.1667337038594775 0.5036787086319428 0.05502627944185502 0.04518231795070736
0 0.8669730403931807 0.3858143322010642 0.11195248408291182 0.08094547552854478