0 0.5793183618612644 0.30127052869935345 0.07020523779689893 0.0576388979465599
0 0.9711538461538461 0.4230769230769231 0.052884615384615384 0.07211538461538461
0 0.44011492015403175 0.17247399581965664 0.07450900914994658 0.04819140164603953
0 0.4711452849381875 0.3050480157837973 0.06729747068840812 0.04793956917374327
0 0.9855769230769231 0.4723557692307692 0.02403846153846154 0.05048076923076923
0 0.41273619228865854 0.6839781239772631 0.05780806631168467 0.05000763869786121
0 0.24306418606160324 0.4563033893659879 0.06033789270419199 0.05249542900913932
0 0.2953937723951531 0.6736263386896423 0.062489778380715816 0.04777168085887896
0 0.2268943786298219 0.6302617260959479 0.0647676442959008 0.04545177886246503
0 0.14891069129740936 0.5667582257455733 0.08829196326043356 0.08226496858704599
0 0.8540446039027203 0.327800559138504 0.07235712347342262 0.05291514979629975
0 0.8634505749215448 0.4153730554390244 0.09372955676143163 0.09445208767114092
0 0.7571348763169071 0.3167352485127105 0.06261575861937711 0.05017552701272511
0 0.8521412282975022 0.6361224480115523 0.11751605782257112 0.09048383693776976
0 0.7281167449453132 0.5212453271103399 0.06742345092706942 0.050343415327589285
0 0.6739876596030127 0.4304181054146208 0.05009260689550169 0.0401404216101802