0 0.5254999115751078 0.2756094066908875 0.03636536599961788 0.05456402939475055
0 0.7564089940224865 0.3103961178942142 0.04600872095063206 0.05981956543847881
0 0.5186799578123836 0.34258121619655285 0.036393336335247446 0.05937172170244286
0 0.1894299531584419 0.34046372208347214 0.036337395663988234 0.04975633708705825
0 0.15359602353578636 0.3772458465348754 0.05085836876176873 0.06725502576803531
0 0.3183573812489514 0.40174209359141577 0.07017304899942681 0.08257379016318439
0 0.5641650363251102 0.5189313396295657 0.03158564402755514 0.05914779983442482
0 0.42845261739141355 0.5306343930119026 0.021858378069652237 0.039469186867619646
0 0.5174228954193508 0.5395846398779285 0.0170786560975895 0.04405295730729391
0 0.8194761946741351 0.6173376601729823 0.024458016572905396 0.07323499395547482
0 0.28948405842231745 0.60226565883938 0.050956264936472366 0.08408194884495838
0 0.38328999909357664 0.6162475198811161 0.02904194619556099 0.0349973773619544
0 0.5829560741248627 0.6507806620192487 0.024318164894757535 0.04919653241701328
0 0.40515536974713623 0.6569186298256587 0.045896839608113776 0.040588796207709575
0 0.7563406708937113 0.711726464652513 0.02666607037734427 0.03969310873563741
0 0.7167820981138608 0.7279079553952104 0.03147376268503685 0.03991703060365545