0 0.22775278853699632 0.6169597549483614 0.10856702194601116 0.10540745479601117
0 0.2511874707142651 0.5159077724935182 0.04163477718899921 0.03001756557678065
0 0.2806281551854848 0.5388641762490736 0.04940587388589378 0.049879262669515666
0 0.2890986996765744 0.5827643348802701 0.06417867470606818 0.063160349162678
0 0.2870409643291613 0.718055869354273 0.027001865927663796 0.02154417139131062
0 0.2977312442894214 0.6734343388678058 0.031809558235356104 0.021964789965954388
0 0.33401524585282816 0.5195576736753555 0.03208933735303422 0.031580174581339
0 0.34092128154310575 0.592093676865384 0.024598019773817505 0.0213338621039886
0 0.3310703389358798 0.6655613611980051 0.02714175548650279 0.026351863699002928
0 0.4203989334508613 0.23339373667841803 0.06417867470606818 0.063160349162678
0 0.4043691491559336 0.5065310284205833 0.06700218953643144 0.07779373537307667
0 0.08166646009681215 0.21095166562756396 0.04658235905553054 0.035245876459116726
0 0.439915117444771 0.4508965916048425 0.041774666747838134 0.03482525788447282
0 0.4430497706918575 0.5998298984996431 0.03916098625573356 0.02740341013561248
0 0.4739058256689233 0.506620382368304 0.07132026838818721 0.061387430870797635
0 0.5367241902669756 0.3994231185388878 0.08354933349567653 0.06965051576894564
0 0.5386826440907219 0.4667308108465802 0.07118037882934822 0.056579738563105324
0 0.5086402028131073 0.6703069407675204 0.0976669076474926 0.14281744682094008
0 0.5427523031238448 0.5653936577979335 0.08856686014162726 0.07728267280512814
0 0.6106010561946393 0.42506832103297604 0.03930087581457255 0.03221110244330479
0 0.6290367091982111 0.4818289475826912 0.06637268652165591 0.056159119988461285
0 0.6009784453979257 0.6711923098678765 0.09118054063373211 0.08470452055398862
0 0.6267691395125395 0.6099089435951556 0.044178512901684286 0.03503556717179484
0 0.6644042024478352 0.543667508374429 0.027071810707083224 0.023948017545156637
0 0.6893205868197051 0.4523360651786312 0.09570845382374617 0.07550975451324764
0 0.722376289257821 0.5583303158855399 0.05407367663474716 0.04549218893646712
0 0.7172152599623666 0.6693730795337594 0.06686229997759231 0.07298604306538437
0 0.7527262558614942 0.6125367196410955 0.04156483240957971 0.0276137194229345
0 0.7823639128441809 0.6834648918299131 0.05407367663474689 0.04549218893646712
0 0.10453999350285828 0.5438391359386038 0.10786757415181605 0.08136899325754963