0 0.2629010885441375 0.5597413314211725 0.057528591056537855 0.04039225408247633
0 0.31678722598334047 0.7847260744052102 0.06049246958990295 0.050091582855293165
0 0.32823681325306797 0.5488286419044011 0.062336283364230166 0.04056014239734063
0 0.2996503317814748 0.22277171142851887 0.05031705259499933 0.0401404216101802
0 0.33226597149416776 0.18552736324974567 0.06812403233608076 0.05755495378912789
0 0.370562671744706 0.3487943085235461 0.08607102017204199 0.07737333212192173
0 0.5056076917647141 0.5874084884738664 0.06205626717447069 0.03575245008964833
0 0.5048387688181057 0.4506410901769319 0.042265465564182245 0.025465512214807015
0 0.5219682950504481 0.5388011955794769 0.04679314168211508 0.02082570822197888
0 0.6232539020578352 0.8362103949357539 0.07619932790778815 0.03144842272654868
0 0.5651579106522548 0.3124084986637463 0.08495095541300383 0.058142562891152494
0 0.586103218257686 0.4043002895332088 0.037877797541129285 0.032509162361481166
0 0.6371073354814087 0.6003969065923767 0.05202085827444646 0.028205134998381516
0 0.6280186635846688 0.42375618636340034 0.04352553841810028 0.0471001275994224
0 0.7093378980755526 0.7696467623779184 0.04254548175394199 0.030273204522499188
0 0.7237846835395195 0.7293689868645585 0.04282549794370119 0.03508089683019149