0 0.8216466245057723 0.7952895701537808 0.05558259953615054 0.06308739692992961
0 0.3984230291621706 0.6510341979018902 0.03777455524665422 0.050872367184055634
0 0.7981482755494335 0.6548044265656691 0.046359663405795275 0.06778320410811144
0 0.9127479939639902 0.6438464203961592 0.13118086527312928 0.13601394873426506
0 0.8140188534017011 0.5692021609215433 0.10159896970058678 0.09724472616657291
0 0.47625428789664725 0.46966884199189085 0.029778119815057052 0.041173068721538295
0 0.36979847064469806 0.4035359435440581 0.05077490722845837 0.06303145436517464
0 0.21031096900928892 0.306740442026155 0.055582599536150676 0.06308739692992973
0 0.4582260368410498 0.29302810660776496 0.11715023683508158 0.14065381334769164
0 0.3902073787948869 0.18193455687217017 0.040570849885529725 0.0557080307741257
0 0.4937422280040392 0.8460246071218906 0.046359663405795275 0.06778320410811144