0 0.4986341200458225 0.8339368486374734 0.04693223928455809 0.03818495005386342
0 0.5678000214840525 0.8150649815512122 0.05389194527380043 0.031309294394352025
0 0.6394498327453504 0.3157301193005711 0.04204060281943383 0.03555718203199936
0 0.6518277664277726 0.5667641009764807 0.04195665866200161 0.03315333587815321
0 0.6532548171041181 0.6076294855918654 0.04178877034713743 0.0283456435704609
0 0.6421513639384191 0.8067865002892406 0.06169109283736336 0.04847210027330216
0 0.7052350925522336 0.3379475586977124 0.04684829512712614 0.0357811039000174
0 0.6860272496049274 0.5808216479003545 0.041872714504569655 0.030749489724306918
0 0.7312004911222224 0.6678046392475046 0.0369810780394454 0.028121721702442724
0 0.05838683818462716 0.6377436629129417 0.07480159765321136 0.08028190494334726
0 0.7787279476370264 0.5464070945509262 0.054731386848121295 0.05534775593281356
0 0.8382097875082817 0.5604909747446285 0.037232910511741525 0.03533326016398132
0 0.07961317044911381 0.5560952074190054 0.041872714504569655 0.030749489724307057
0 0.10470476349428688 0.6885570010183906 0.043047932708618876 0.06440333587815307
0 0.12103945929364915 0.604728621238626 0.04444444897327999 0.035669142966008247
0 0.13548924108959995 0.5703470290137213 0.05928724668351731 0.04836013933929314
0 0.14562738739422973 0.7227673379149342 0.037148966354309435 0.032929414010135036
0 0.21189721540105266 0.6209627785209805 0.04461233728814416 0.04047683527370083
0 0.24899272106021467 0.33873146338472776 0.05157204327738636 0.03360117961418929
0 0.24374626217010897 0.5677126331371619 0.056379735585078666 0.033825101482207194
0 0.24018629455686627 0.6726158236314966 0.05422772190352877 0.040924679009736634
0 0.2404953663137207 0.7159410348677319 0.034493287728167024 0.025605914614587826
0 0.26578533113604264 0.543812465802538 0.04668040681226197 0.03097341159232496
0 0.3084783904702805 0.45634866959482817 0.06426282730607383 0.053391753515003484
0 0.31810521275269676 0.3872792495401678 0.04178877034713757 0.0283456435704609
0 0.3544719768172436 0.4289250467662678 0.06135531620763515 0.03885671565791755
0 0.358440227550615 0.4046626633597883 0.044276560658415814 0.030861450658316077
0 0.35155302805177324 0.4832355070958243 0.04461233728814416 0.04047683527370056
0 0.4361341200458225 0.836847832921708 0.03491300851532732 0.037625145383818594
0 0.49566548917461556 0.3007571794894919 0.04444444897327999 0.035669142966008316