0 0.1257467825083361 0.5534906628251675 0.0381146260308957 0.05195000760448592
0 0.14444292114551802 0.48225682123401287 0.031098986019186165 0.05646385223743495
0 0.6741032913123793 0.4354429591679478 0.0354169322023064 0.044640519918033035
0 0.4052908513592176 0.4052908513592176 0.03301308604846011 0.04454257069311861
0 0.36197264597752954 0.40232584223383444 0.028205393740767668 0.044346672243289746
0 0.14837316057242245 0.40202182275491 0.04571796139209198 0.061859239894613824
0 0.6495791737927876 0.36364795460525623 0.0332089844982891 0.04935026300081091
0 0.388245587597958 0.36979841216650444 0.0331110352733744 0.04694641684696476
0 0.2948425000286008 0.31559557238898617 0.028107444515853376 0.041942826089443594
0 0.35096153846153844 0.9963942307692307 0.08173076923076923 0.002403846153846154
0 0.42384415630247 0.2716549589929774 0.052635652178887056 0.05494154910781878
0 0.4068254249191602 0.20736534056656766 0.035123084527562846 0.03742898145649457
0 0.4362980769230769 0.9963942307692307 0.036057692307692304 0.002403846153846154
0 0.296875 0.9783653846153846 0.06971153846153846 0.038461538461538464
0 0.38513763766979664 0.9708354576184498 0.03311103527337454 0.04694641684696476
0 0.4206076346280022 0.9578816190690896 0.05052565369978432 0.06205513834444295
0 0.2578092985063574 0.9380488925412105 0.032719238373716694 0.037331032231580144
0 0.36439274559629564 0.8739959668902024 0.04272641988875915 0.04733821374662247
0 0.6646551741427285 0.8514328253861966 0.03590667832687854 0.0566597506872638
0 0.41946286645042075 0.8414420044449228 0.031196935244100662 0.0588676983912811
0 0.30783094413394624 0.8404931347171701 0.04061642140965628 0.054451802983246506
0 0.26085799490903183 0.8361792786774923 0.02550769991217823 0.03703718455683686
0 0.44507260573095564 0.8220867536112895 0.028499241415511085 0.05155821070482821
0 0.5369615704575811 0.780233696459876 0.055529244457305484 0.06705872910196412
0 0.6123399020165343 0.7749056355062195 0.02830334296568237 0.046750518397135905
0 0.5638487398054459 0.7333321640819263 0.038702321380382404 0.06637308452756284
0 0.590144123660382 0.730803836325216 0.030707189119528387 0.04684846762205033
0 0.5062054067255956 0.7321833057609026 0.04032257373491287 0.04724026452170804
0 0.12483461696271417 0.6194495082185649 0.03742898145649457 0.035123084527562846
0 0.6971989647838271 0.5899747575885028 0.0331110352733744 0.04694641684696476