0 0.5552047742611703 0.09737702015463068 0.049644110675554194 0.04266772420797714
0 0.4846831096223666 0.11319652874601231 0.0566597506872638 0.038490959762250615
0 0.37235526381846107 0.6127443087794878 0.04473846914294746 0.03984325947948701
0 0.37889751827936713 0.35886829761438815 0.044640519918033035 0.037439413325641
0 0.3820400737635138 0.3175822944243597 0.044444621468204173 0.03263172101794855
0 0.4100659296282213 0.11731227049914607 0.06445898449828896 0.05354496454729332
0 0.3086308985070305 0.5881642733267812 0.04954616145063977 0.04026387805413105
0 0.34811482216943185 0.3434683175520662 0.04454257069311861 0.03503556717179471
0 0.3094880077794563 0.25396972529515727 0.03963692916051187 0.03221110244330479
0 0.96875 0.3173076923076923 0.057692307692307696 0.09134615384615384
0 0.25043867288596955 0.37372561371688084 0.06004308909025444 0.06273973058803396
0 0.19306674524635492 0.3570332665843309 0.03993077683525515 0.03942264090484325
0 0.9521352288378258 0.39556345805755166 0.04454257069311861 0.03503556717179484
0 0.9382855853166123 0.2628860790247169 0.04821975677085259 0.06649587645911673
0 0.9139226535820156 0.34583348198276526 0.047142315296793615 0.04005356876680903
0 0.8972161219645144 0.3798627247146028 0.062153087569357106 0.055738501413817525
0 0.9006117307978315 0.22637725679608434 0.039832827610340724 0.03701879475099709
0 0.8262088013445806 0.324558462480201 0.04733821374662247 0.04486126107450134
0 0.7653575775943575 0.6073100487921667 0.05435385375833208 0.04068449662877482
0 0.7885532989168653 0.37730741187485906 0.059063596841109955 0.038701269049572426
0 0.8023213537869329 0.27116278452763687 0.05464770143307563 0.047896035090313274
0 0.8042130115816993 0.22878001290434627 0.03473128762790513 0.029386637714814732
0 0.7653963804026337 0.4010451201326938 0.04944821222572534 0.03786003190028476
0 0.7146401155881865 0.48750784832820643 0.06715667832687827 0.0609668122961536
0 0.700555770808868 0.5562877056471524 0.0444446214682039 0.03263172101794855
0 0.6673957609230362 0.5121467263823375 0.06416513682354555 0.04633342608575493
0 0.661114740098185 0.5356141927058417 0.04694641684696476 0.035245876459116726
0 0.67365433951338 0.4585260284920953 0.04733821374662247 0.04486126107450134
0 0.6191025957879221 0.09661151634829176 0.0376248799063237 0.04161617777136745
0 0.5144005275797207 0.635296984701924 0.047142315296793615 0.04005356876680903