0 0.15510675041157157 0.4061965301380364 0.03986043404992866 0.04919603954763529
0 0.19411498528167467 0.3450162322108801 0.03519263130107534 0.05386384229648847
0 0.6822963401145756 0.40646865105545404 0.037316698337243374 0.04431840246052342
0 0.4527732535481045 0.32908370688482136 0.03491285218339722 0.04424845768110385
0 0.4134944882964503 0.31701664189908946 0.02763136894243933 0.04163477718899928
0 0.22491959295157482 0.27686920255015374 0.04742169640856467 0.061425104655124546
0 0.6818859201741854 0.33802898045025825 0.0374565878960825 0.04912609476821572
0 0.4490147329317048 0.29316590413596805 0.03250900602955106 0.044178512901684425
0 0.3812616482939127 0.22788661043144154 0.029965270316866056 0.03930087581457255
0 0.20379265647621844 0.8791375812577444 0.07923125464392076 0.08156515601834749
0 0.5101821690320697 0.2133272570401901 0.05696713624452972 0.05930103761895644
0 0.5155365577483266 0.15312618602490696 0.03717680877840452 0.039510710152831106
0 0.2878922994711241 0.8778914370549847 0.0325090060295512 0.044178512901684557
0 0.17192240219756982 0.8188187312465408 0.06382895080897064 0.047491641187984227
0 0.2546102877772939 0.8248190978950292 0.034912852183397354 0.04424845768110412
0 0.29197482033103844 0.8201291845832576 0.04982554256241082 0.06149504943454404
0 0.15168668240134459 0.7713713111843933 0.0347729626245583 0.03944076537341154
0 0.26681362923120033 0.7355970110850435 0.042194335424355245 0.046862138173208424
0 0.5419269861145373 0.7732264383748768 0.03759647745492149 0.05393378707590803
0 0.3261974734563677 0.7170564409123424 0.03533252085991433 0.05867153460418077
0 0.22597035517873404 0.6947537370325774 0.044808015916459956 0.05414362141416645
0 0.18789351300400284 0.6826516996571356 0.027421534604180772 0.034423238727460816
0 0.35659527427654214 0.7041629004003678 0.03257895080897063 0.04658235905553044
0 0.4507999153427689 0.6858100540030068 0.05717697058278827 0.06651257608049504
0 0.5189598068302868 0.6958358585587816 0.02763136894243933 0.04163477718899928
0 0.4902756531058902 0.6498351683015257 0.04268394888029192 0.0636890612501315
0 0.5142441698649323 0.6515395666611767 0.03257895080897063 0.046582359055530716
0 0.43901262947471503 0.636915904135968 0.042194335424355245 0.046862138173208424
0 0.13416233408502437 0.4656503191426232 0.03703691921956546 0.0347030178451388
0 0.6529991582928593 0.5466261481624358 0.03491285218339722 0.04424845768110385