0 0.43692047009861107 0.16239507086960148 0.055910294747555704 0.04727658729782537
0 0.5095654045991542 0.1775661088541741 0.06021370716142453 0.04042935397525008
0 0.6211525673630438 0.6898793386694734 0.04579063023834788 0.039336438558360845
0 0.6152681820022244 0.42844242835927293 0.04579063023834788 0.039336438558360706
0 0.614604045485425 0.38610189181274285 0.045286350344524405 0.03212490009682224
0 0.5879425445460659 0.1798802981315561 0.06843380541060995 0.055398888606771765
0 0.6883256730390953 0.6623455349685528 0.050766415843981165 0.04210458985117017
0 0.649148898111647 0.4104687957395819 0.048194476392194034 0.03951859112784229
0 0.690644352611091 0.31815808492014164 0.04305059748861923 0.03434659368118682
0 0.019928972380308833 0.4026994443033859 0.039857944760617665 0.08905273476061791
0 0.7497995199686384 0.4398448953271642 0.06172654684289496 0.06206396935986547
0 0.8091727606403575 0.4201780954562605 0.04355487738244271 0.041558132142725274
0 0.022871725027158455 0.48504981615204773 0.04545444364246547 0.03452874625066826
0 0.038630751692359425 0.3460821206526748 0.05278353541927473 0.07095074369732374
0 0.06287960983646733 0.4312917200788868 0.050766415843981165 0.042104589851169896
0 0.07984111954503129 0.46520086371166247 0.06636614585264602 0.060024428344982485
0 0.07883199979094459 0.3068381777873315 0.04098293793065544 0.03897213341939754
0 0.1540911770509803 0.40557944207278196 0.05110260243986339 0.0469122821588622
0 0.2134149976729088 0.6976481691733663 0.05797795430551963 0.04265104755961465
0 0.1927125721354948 0.4580459581925557 0.06021370716142467 0.04042935397525008
0 0.17967598493721226 0.3507284305827316 0.058314140901401856 0.04745873986730696
0 0.17797801864143087 0.3058929715976146 0.03790671858504476 0.029174596234531336
0 0.21635607042043864 0.48279509863365067 0.05523792155579125 0.03766120268244076
0 0.26824915933377735 0.5700994526089009 0.07631771706391287 0.06556073093060114
0 0.28131925319836015 0.6423790584184742 0.047858289796311675 0.03471089882014985
0 0.31730113553204703 0.5943573488757062 0.07033337167063262 0.048369502714714886
0 0.32394961744212664 0.6202352674842764 0.05043022924809894 0.037296897543477585
0 0.3102659270434147 0.5394511238515006 0.05093450914192228 0.04450843600501605
0 0.3715123440509415 0.1646884899551374 0.0387471850747504 0.041193827003762104
0 0.4730303822882934 0.7173206466773764 0.050766415843981165 0.042104589851169896