0 0.9951923076923077 0.4639423076923077 0.004807692307692308 0.08653846153846154
0 0.0844361299626483 0.5985770430912617 0.13327993717409217 0.17792331695175426
0 0.21238944267861345 0.7269482850349475 0.13640874633314273 0.13021069901379434
0 0.23202844408011175 0.4311482690765441 0.18300520898797262 0.16011390552625188
0 0.4067498863551817 0.31971863550292146 0.1282738221398514 0.1032219336130419
0 0.41965058172684905 0.7234737130643345 0.10174757029011161 0.0988144091948983
0 0.44173928184911976 0.9097538586121187 0.15703603182857315 0.10300391829297476
0 0.4959249807245328 0.5734169004267081 0.1037316956567972 0.08697733099514925
0 0.5427007184118587 0.16219640633310364 0.12793804551012292 0.09360654899765727
0 0.5716804985211813 0.751776248018597 0.14993897193615113 0.17439069263043303
0 0.7224092808753164 0.7428191675882437 0.0935287019393881 0.0694217976402997
0 0.7455471810666887 0.20393952986186367 0.11927658103817561 0.18884963230409557