0 0.9807692307692307 0.7608173076923077 0.03365384615384615 0.08413461538461539
0 0.12493253272365847 0.3058349293738684 0.171586678587038 0.1789877726747133
0 0.2752625742155073 0.23589864488684362 0.14649116438227267 0.1321808736036859
0 0.2570020395911308 0.5162718940258576 0.18972453240091774 0.16557253766092556
0 0.4059522636614048 0.6809046907064664 0.13505425407207233 0.10763849111057985
0 0.46768069359150977 0.31062894965626 0.1082476412408016 0.10144501617761474
0 0.513915320781771 0.1466481578111506 0.16408256048770775 0.11155410012835983
0 0.5210235292163823 0.47743407525196113 0.10733687839339368 0.08942578540838397
0 0.5127993172887854 0.8744568529718442 0.13450779636362759 0.10042695264904139
0 0.6146616827397955 0.3386834464029522 0.16641468114038255 0.17392811988969867
0 0.7544863469606978 0.39868594527192297 0.0942247322072734 0.07437280729200123
0 0.7067463827218119 0.9061698874493521 0.13607544398779062 0.18430960755633444