0 0.04626424113460809 0.7229967880785415 0.05813983306238119 0.078937736701447
0 0.8946137586353772 0.3160445985086012 0.15479714525755986 0.16883396453719202
0 0.7424520161557571 0.23844236019784631 0.1329107968522783 0.12480923635107241
0 0.7720587589375185 0.5198030092281523 0.1763478496352868 0.15516638503100375
0 0.6293577628721706 0.67499609913203 0.12555940671259172 0.10051894234031468
0 0.5546093795442945 0.3038842352467798 0.0966852825308083 0.09470392014343726
0 0.5038986563997305 0.13862172693926195 0.15200171440489954 0.10144232807206756
0 0.5092082120384567 0.46529297139004266 0.09901920284558066 0.0827686335316385
0 0.5309391208874767 0.861088145200337 0.1255174512091475 0.09330740387877622
0 0.4102946993066365 0.32334396161578194 0.14516777547436058 0.16609434175361754
0 0.27419768825803287 0.37616372958761785 0.0893199072233072 0.06800977997883323
0 0.3397494406498188 0.8821847826392649 0.11880937878894161 0.17959403294494136