0 0.5241149715291272 0.8192229615160808 0.1141577179536914 0.14064918088966913
0 0.43836140696072445 0.8166716496312242 0.05975246387262878 0.08845154871993799
0 0.3454206831865353 0.7705321929915299 0.048125681588427366 0.09227811981505706
0 0.3976674705999365 0.7447768685141065 0.03914812494425695 0.07005483170289778
0 0.48253782771094045 0.6996437058070691 0.08658722004996597 0.09541770769529187
0 0.21291460999514195 0.7264285132764047 0.08138707925724417 0.09021756690256993
0 0.6389594743316201 0.6701603190879499 0.0637261039665922 0.10787854219322203
0 0.9267586072001094 0.6108500540422693 0.03414420839404997 0.06725853706402213
0 0.5369428834259202 0.5889442913531368 0.06294120699653363 0.09826315757783742
0 0.23854704636339008 0.6025569018539053 0.04616343916328074 0.06823965827659552
0 0.5927708624482556 0.5485696657101216 0.05558259953615054 0.06662070909280807
0 0.3965630645460221 0.5681677107058365 0.10660288625079375 0.10660288625079375
0 0.6980982911227039 0.45759177945932794 0.07736428391961042 0.09944050303292548
0 0.829843648233708 0.40863224402325454 0.06014491235765827 0.09325924102763043
0 0.06875658179946337 0.4886679508117364 0.07177169464185959 0.0894326699325115
0 0.7028810090763956 0.32587080160407605 0.05293337389611981 0.09267056830008641
0 0.20761516688466555 0.3818198834408407 0.05415987459487784 0.07844371561952429
0 0.6115838121078289 0.3034754701390713 0.05656372074872406 0.07863993986203884
0 0.6672647221313197 0.29415462025354155 0.04076707412804426 0.06063567133002777
0 0.7907928419463768 0.24347802351242345 0.12043729044632666 0.10056869324434335
0 0.5084390309907111 0.2653324489309741 0.03537070909280807 0.053031684383459884
0 0.4515316202684621 0.26042644613594157 0.06740560606286677 0.0651979841515353