0 0.16875535994958274 0.36434188657539046 0.13584612103999932 0.11125438736443982
0 0.17377199480979308 0.44943355197464285 0.08718180103314652 0.05881463363538176
0 0.22071608095042305 0.5448303367071231 0.08463809846741227 0.046697453641236564
0 0.24411204505951364 0.4958228959935127 0.0677272615433564 0.03880027060529683
0 0.28827635686482783 0.4171367330219758 0.09232514872937013 0.08785668593136446
0 0.26601070349608824 0.678737634513599 0.08743354257454496 0.08044924901999714
0 0.3116591773980437 0.2660148053823611 0.10406466667482484 0.06430797051747514
0 0.3676625907677623 0.004009836560753525 0.06755943384909074 0.00801967312150705
0 0.3933051907163661 0.3732124801997357 0.09685312821328623 0.06401412284273178
0 0.38508500195860573 0.6666776094187953 0.06537935795426555 0.043510013688074715
0 0.4323541261078343 0.3211645233703353 0.06311536821230736 0.055431295232391056
0 0.4181111783895837 0.5127600387256768 0.10456814975762171 0.10757720128670584
0 0.5199554963766448 0.2262921974272613 0.0946171097537058 0.07833925054089427
0 0.03879466765412763 0.2795358885639972 0.053779696420698825 0.07907795987119474
0 0.5646372769059448 0.10313488060957046 0.08958564718699254 0.05891258286029612
0 0.5007616316775578 0.843368482013372 0.08732165744503448 0.07083386440461253
0 0.6484214091955262 0.23307114466356907 0.08952970462223729 0.05410489055260388
0 0.6019477824634312 0.7167074353332686 0.07267481026293673 0.05101539982435646
0 0.6713689907212609 0.32584165241442464 0.07273075282769198 0.055823092132048766
0 0.6791958973951068 0.27266318935506584 0.06054369436419576 0.0409102690843997
0 0.728615442026155 0.15531958947216148 0.09512059283650268 0.12160848131012504
0 0.7121915763477651 0.4310986948245756 0.05084439590167815 0.0333069337232034
0 0.7163419435195836 0.48739318099013135 0.06322725334181784 0.06504667984777567