0 0.5224434206484525 0.8028846153846154 0.10300673265159291 0.12740384615384615
0 0.4437460787522701 0.7848557692307693 0.05565477257987425 0.07932692307692307
0 0.3580623259939716 0.7259615384615384 0.041399583971661366 0.08413461538461539
0 0.40788680917112635 0.7103365384615384 0.03351649225066621 0.06490384615384616
0 0.4870611111390274 0.6802884615384616 0.07994506659063205 0.08653846153846154
0 0.2364467971641289 0.6634615384615384 0.07488554181064348 0.07932692307692307
0 0.6337796706810749 0.6778846153846154 0.05632632583933081 0.0985576923076923
0 0.9045901116972115 0.6670673076923077 0.03334860393580204 0.06009615384615385
0 0.542059597665287 0.5853365384615384 0.05599054920960246 0.0889423076923077
0 0.26563255717882156 0.5504807692307693 0.038240240400926565 0.0625
0 0.5971954380947266 0.5552884615384616 0.05257937316657127 0.06009615384615385
0 0.4137629001913723 0.5420673076923077 0.09951161245112963 0.09615384615384616
0 0.6982294830466654 0.484375 0.07041362613267939 0.0889423076923077
0 0.5831347917248523 0.9579326923076923 0.07248169565679732 0.07932692307692307
0 0.8204631553902171 0.46033653846153844 0.055822660894738294 0.08413461538461539
0 0.11172155591988825 0.41466346153846156 0.06527015719525883 0.07932692307692307
0 0.7073602994621103 0.3605769230769231 0.0486111224332001 0.08413461538461539
0 0.2442994054228394 0.33533653846153844 0.048107457488607445 0.06971153846153846
0 0.623240951283337 0.32572115384615385 0.05051130364245346 0.06971153846153846
0 0.6749236435910293 0.32572115384615385 0.037988407928630445 0.055288461538461536
0 0.7925594840204688 0.2956730769230769 0.11359891274447821 0.08653846153846154
0 0.5289758486717128 0.27163461538461536 0.030608981152227672 0.05048076923076923
0 0.47659489823168993 0.25721153846153844 0.06211081362452393 0.057692307692307696