0 0.16985088456452838 0.5568130117080213 0.12750938315393895 0.09946000763445963
0 0.1848255401326542 0.4769822644280577 0.07956866193496122 0.05406351911905761
0 0.2412324913901399 0.3844308735776331 0.08121662665684039 0.039752403129989705
0 0.25674173277076295 0.43166808964948866 0.0640117628639339 0.0317571381303881
0 0.2888310475606288 0.5057098294855074 0.08804000278311132 0.0784378634595462
0 0.3018700022620585 0.2569117525624304 0.08057650384425052 0.07329428834982685
0 0.2932284738908596 0.6505827171231545 0.09639558501188429 0.05484724565712075
0 0.3081538113649556 0.9148641859150465 0.059204070556241516 0.03153321626237006
0 0.38385618237616664 0.5456465655042961 0.08918404655034583 0.05451136285509369
0 0.4140318999415303 0.26727458866400683 0.05945603103356398 0.03634090857006244
0 0.4148644435181285 0.5945598816589392 0.06008593222686966 0.04836013933929314
0 0.4243759515370459 0.4130694970435546 0.0986632293077851 0.09811647642635152
0 0.48573535817582775 0.6835811891607324 0.08993992798231268 0.06893443977817035
0 0.02844016847652165 0.642103511484598 0.0568803369530433 0.06893443977817061
0 0.5131531825159468 0.8010041206999907 0.08437635424265338 0.05428744098707565
0 0.5453206902553039 0.09569919641416266 0.08007258288960586 0.0636789037344422
0 0.6085204823799734 0.6742654122955035 0.08399841352667017 0.047075902525537186
0 0.6253711695027159 0.21546667971291517 0.06957533660359325 0.04640413692148307
0 0.6431038478948519 0.5863274390819293 0.06957533660359325 0.04640413692148307
0 0.6428621090368138 0.6366962473786895 0.05452235848721024 0.03371314054819845
0 0.6742006532043548 0.7479416221323191 0.0896777458857063 0.1096878634595462
0 0.6927401915261131 0.48569846949507034 0.04933672546353471 0.026277680218641672
0 0.7075309875458895 0.43225404944040985 0.058186007027668026 0.05786356302066874