0 0.1862898876166343 0.6339759581234804 0.13654551198725484 0.11999014776162653
0 0.19012034965403668 0.5524132821906523 0.08514163836124332 0.06357557312024721
0 0.2350889316963271 0.45808319232282346 0.08733568806162537 0.05172443564895756
0 0.2583091870662785 0.5066391253022348 0.06553323551423862 0.040596211352102785
0 0.30272348526857046 0.5819482825785008 0.09281472902040296 0.09052216070637839
0 0.2807498420350492 0.32408964091653303 0.09028500499447827 0.0831425289468988
0 0.32778721966019214 0.7317178939663622 0.10205248001955197 0.0695599185135276
0 0.38341346153846156 0.9915865384615384 0.06490384615384616 0.01201923076923077
0 0.4066614036004857 0.6253180333466323 0.09479898226732075 0.06665179246585796
0 0.3984543849921251 0.3371339048233407 0.06802100024947048 0.045571996957736345
0 0.4454856793250906 0.676168495839584 0.0634650636859351 0.05965888728493104
0 0.4295277347683622 0.48732374945605506 0.10276578796133015 0.11042530312891206
0 0.5329174525524564 0.7689264094018675 0.09505073801147781 0.08107486938893488
0 0.04641134178811363 0.7192625165687884 0.07586192807140137 0.08213396915925185
0 0.5777154676631612 0.891194613327104 0.08754548451508953 0.06374366641818832
0 0.5085934652855877 0.16312367196633645 0.09011716783170698 0.07352714433151412
0 0.6594130906642293 0.7609243844668538 0.08986541208754992 0.05910406740843727
0 0.6099448039477164 0.28573629916242044 0.07299652971993408 0.05552356816900318
0 0.6814612156635955 0.6698051005762764 0.07303848901062683 0.05792741432284934
0 0.6901534958837379 0.7233620891526564 0.06080946178793202 0.04506771706391287
0 0.7363002915887906 0.837300878188402 0.09580600524394847 0.12434410015816565
0 0.7193651167617724 0.5665572692761626 0.05102624000977612 0.0347799592567638
0 0.7251588524007462 0.5104030712566602 0.06603674700255241 0.06944236519825663