0 0.269449798882765 0.7413255633495025 0.02740341013561248 0.04028306415635431
0 0.5542603461168818 0.7066104063045227 0.02824464728490028 0.04989844877173893
0 0.32553427557386183 0.7143905920746286 0.02364726426452972 0.05193798978662191
0 0.177442205828349 0.7148667436901787 0.01736740694558396 0.03474676157073567
0 0.3510449021235769 0.6957421433028897 0.02259571782792017 0.03991875901739114
0 0.2177365952287763 0.7046496878321941 0.016946788370940127 0.029939069263043357
0 0.3730696247365397 0.6487029221087011 0.021964789965954388 0.032707220555852685
0 0.5163087801777079 0.6354609980707012 0.017788025520227863 0.03955445387842797
0 0.4779671070101864 0.609711437905734 0.03127942130071222 0.057292139802758976
0 0.506242265641383 0.6004051448951575 0.02740341013561248 0.04028306415635431
0 0.5753975195383203 0.5605401800036449 0.04663417936638171 0.04174028471220673
0 0.09655049365569902 0.5204119221158462 0.02677248227364666 0.033071525694815855
0 0.6313610408898159 0.46675289784478274 0.023016336402563935 0.044726451325083454
0 0.10463269056723737 0.45532592339251854 0.030227874864102465 0.04527290903352807
0 0.004224166533547417 0.43855563325802716 0.008448333067094834 0.033071525694815716
0 0.13397410628539966 0.406538321412962 0.02133386210398857 0.025495682094314222
0 0.16068665591203782 0.3877987963564824 0.016946788370940127 0.029939069263043357
0 0.05403096599686686 0.3922988164676433 0.021754480678632417 0.03030337440200653
0 0.13681328166424575 0.3740863983360389 0.03136986529401705 0.03103198467993287
0 0.6364525957366105 0.32667435555322744 0.0276137194229345 0.04268691031020033
0 0.20517252040854775 0.356966895621324 0.06261986529401706 0.033399968083193204
0 0.3933181589208696 0.3080853785404735 0.026772482273646696 0.033071525694815716
0 0.3528733928801288 0.306374279913968 0.0213338621039886 0.025495682094314152
0 0.16140693772172426 0.3113311008571094 0.05489726426452979 0.05430597318988225
0 0.6307426435870376 0.2554697337852507 0.02740341013561248 0.04028306415635418
0 0.3860761091130348 0.26803968048775595 0.02740341013561248 0.04028306415635418
0 0.6748678221559122 0.2151135247194485 0.030949246719372943 0.026224292372240426
0 0.3070341386207982 0.22985279028871647 0.03221110244330479 0.04064736929531735
0 0.1824623875145317 0.9031312167186906 0.02740341013561248 0.04028306415635431
0 0.42500239810028534 0.1779313124691109 0.03398402073518515 0.03361798340326047
0 0.43334012629579804 0.12357154515335006 0.03179048386866089 0.03583967698762507
0 0.3091448618131072 0.8744285138748794 0.031580174581339 0.033435830833779025
0 0.21461355731082793 0.8768158480617093 0.026772482273646696 0.033071525694815855
0 0.17319188813084213 0.8453299013663493 0.03221110244330479 0.04064736929531749
0 0.2681438112077652 0.8381348748718269 0.03242141173062667 0.04305121544916364
0 0.21181851388305006 0.8268815365393848 0.027824028710256313 0.04509075646404662
0 0.3069807462472951 0.8172826638910166 0.04266772420797714 0.050991364188628444
0 0.15951960436374804 0.8105472770450279 0.026562172986324677 0.0306676795409697