0 0.20989617036170033 0.32972371758062036 0.03986161941033616 0.025381568057374928
0 0.1898394499825584 0.6123015568936917 0.04961701212060058 0.028121190840949432
0 0.2247748343807517 0.38318067486141827 0.05174084208468713 0.023397442690689073
0 0.25254609739918676 0.23587450621734618 0.034633902818004506 0.018002141280972293
0 0.23885974533707424 0.4090773455304174 0.03972161131545636 0.022977721903528776
0 0.25511366018880277 0.2741681563640205 0.0298262105103122 0.01783425296610812
0 0.28214083037675003 0.4279570709256161 0.032510072853917896 0.022725889431232514
0 0.27027458354807454 0.5699099102386873 0.03944159512569682 0.018170029595836468
0 0.3026327940366676 0.5291971467323247 0.05696855867701878 0.030776869467091846
0 0.3083042434545286 0.5553876219523362 0.03986161941033609 0.025381568057374928
0 0.33436208967353215 0.6228479353690504 0.04352553841810028 0.04710012759942227
0 0.4644571661405074 0.13971300098587908 0.03519393519752366 0.02761752589635691
0 0.4178903771720787 0.6715086380091877 0.044529303623148664 0.02314561021839295
0 0.527809068980231 0.14349809619854417 0.04735317406163416 0.030441092837363463
0 0.5654294372972605 0.03303182215192708 0.03519393519752366 0.027617525896356892
0 0.5730739758891137 0.16950541589784932 0.025298534392379432 0.022474056958936253
0 0.5858869597210733 0.19664598172248754 0.02982621051031213 0.01783425296610812
0 0.6017327045586076 0.08933905124660536 0.03010622670007188 0.022641945273800427
0 0.605385890871157 0.1707760159263623 0.033070105233436974 0.03234127404661713
0 0.5584453731246388 0.6677998278763335 0.042265465564182245 0.02546551221480688
0 0.6086772026760621 0.23783187576175832 0.03489021046687395 0.06359127404661713
0 0.6230669599382647 0.4232485390317983 0.03265008094879763 0.02512973558507867
0 0.631456712935836 0.3821732940228335 0.02529853439237957 0.022474056958936253
0 0.6629500447390301 0.1915559225308146 0.05596479347197039 0.054731386848121295
0 0.6322527091490256 0.6568260695361935 0.042405473659062116 0.027869358368653032
0 0.6644923769331683 0.4122061037400683 0.042405473659062116 0.027869358368653032
0 0.663456413642476 0.6977181590244519 0.028262412925744666 0.032173385731753094
0 0.7171895671411238 0.3312002975145035 0.04268548984882159 0.03267705067634548
0 0.06201221481838166 0.25332340234678863 0.04240547365906205 0.02786935836865317
0 0.7489307170484333 0.4452418063802055 0.035473951387283126 0.032425218204049214
0 0.8014653121958493 0.449404650301315 0.037877797541129285 0.032509162361481304
0 0.06788294368334769 0.37906363255783526 0.035473951387283126 0.032425218204049214
0 0.08302864804648315 0.2837759328511838 0.03519393519752359 0.02761752589635691
0 0.12273840509149445 0.2404074907186788 0.04268548984882159 0.03267705067634548
0 0.1124703970834912 0.334325379033543 0.04508933600266774 0.03276099483377756
0 0.13371942941957202 0.2784073363143408 0.044809319812908206 0.027953302526085258
0 0.12472334853593173 0.37108132947356587 0.05286090684372528 0.04262821192145844
0 0.15970615001590524 0.22352332835719751 0.030246234794951546 0.025045791427646583