0 0.3451818769907178 0.18722847335499423 0.026680055545159193 0.04240547365906205
0 0.6493033783717933 0.1989298819726695 0.02674998138423326 0.05442470442829282
0 0.40515915691044585 0.21116136803468077 0.024360120398201894 0.056688542487259234
0 0.24757437473928226 0.22482737628159447 0.019440546747991158 0.03717775706673047
0 0.43271248408888047 0.2283964611257981 0.026680055545159193 0.042405473659062116
0 0.28841178901903725 0.23201520620224278 0.016994745090700647 0.0298262105103122
0 0.45406739611719993 0.2777334570566391 0.026652085209529622 0.03759778135136974
0 0.6067535823898751 0.2794124326199659 0.019454531915805946 0.03958160322057662
0 0.5656924054250834 0.31068614116085597 0.034003475349215946 0.062056267174470554
0 0.5957055194286233 0.3184458577314685 0.026708025880788765 0.04721316596675443
0 0.6676390968624155 0.35389610057786147 0.04591082477592842 0.04352553841810028
0 0.15372567720942923 0.44299475693641566 0.026652085209529622 0.03759778135136981
0 0.7259948986707767 0.4498743758254927 0.02673599621641861 0.05202085827444673
0 0.16174056146516907 0.5119944006531102 0.03152970335629593 0.04989702831036005
0 0.043749314993392976 0.5399897732347708 0.02905593136337579 0.037737789446249545
0 0.19150194244804267 0.5630233479929535 0.021816422566207742 0.032510072853917896
0 0.22025719270340033 0.5803284451315107 0.0193985912445468 0.029966218605192003
0 0.10599758197272664 0.5868992144708756 0.021816422566207742 0.032510072853917896
0 0.19370300366857426 0.5980191253186025 0.03143180718159236 0.033070105233436974
0 0.7275176792522906 0.6014566916126801 0.026708025880788765 0.04721316596675443
0 0.26697835585743757 0.6095009106739739 0.06750348465709945 0.03757407281047957
0 0.46755965802544347 0.645230048134896 0.026652085209529622 0.03759778135136981
0 0.4230465486758452 0.6498514368411588 0.026624114873900047 0.0327900890436775
0 0.21978169699769726 0.66205921436228 0.055610120398201894 0.058508647720696146
0 0.7186496997598482 0.679091663280601 0.026708025880788765 0.04721316596675443
0 0.4576925403893925 0.6879392465246077 0.026680055545159193 0.042405473659062116
0 0.7665168453195493 0.7179495174858886 0.03143180718159236 0.033070105233436974
0 0.37204133565202113 0.7370554976179146 0.036295440160543806 0.04296550603858133
0 0.25828759502812837 0.03668548558419042 0.026526218699196476 0.015963165966754376
0 0.4980194960439075 0.7828674610606406 0.03626746982491424 0.03815781373088875
0 0.5049023830617982 0.8397778699606646 0.03147376268503672 0.04028164369497544
0 0.3929099722274204 0.04332401582053434 0.03623949948928466 0.033350121423196516
0 0.29069057001769966 0.04698905640352882 0.029055931363375774 0.03773778944624951
0 0.24598866090260169 0.08406236818671467 0.0314877478528515 0.04268548984882159
0 0.34579023179066143 0.08266116566268655 0.031515718188481076 0.047493182156513894
0 0.28556821143417443 0.10079557867530776 0.026735996216418475 0.05202085827444666
0 0.3865577202313425 0.10186822635256568 0.04599473578281728 0.05794861534117713
0 0.23012591304975014 0.12401770018538077 0.026624114873900047 0.03279008904367743