0 0.7626266407274886 0.3418037287658628 0.04240583922537411 0.024751769480239716
0 0.7344953601811609 0.6493491789407456 0.052021223840758725 0.024919606643011002
0 0.7348910881250521 0.3990764435512422 0.05667487068745203 0.022599679070550494
0 0.7307890570889053 0.2377669954993929 0.037136010534685064 0.017456312437315543
0 0.7163696649771407 0.4252250362087 0.04240583922537411 0.024751769480239716
0 0.7220066234063088 0.2809313280418916 0.029770426612147325 0.014926588411390922
0 0.6645024865973809 0.445978506488766 0.035194300763835645 0.02462589160816118
0 0.6533646312860252 0.6010056037664965 0.04194370284237737 0.017540231018701256
0 0.6260893726609293 0.5572118818636054 0.06194469937814135 0.0298951361134746
0 0.6157503428599809 0.5871131012692573 0.04480968537922026 0.024793728770932468
0 0.5751483094528194 0.6573971734473265 0.04379224837436487 0.0463863848648551
0 0.5150572426810912 0.13052037649492146 0.035194300763835645 0.02462589160816118
0 0.4742494946190742 0.7109862837127283 0.04961737768691257 0.02487764735231825
0 0.44511463602805434 0.1329093262955986 0.049925468608910575 0.02968533966001049
0 0.4211817954255047 0.018181163208899485 0.039385811227532215 0.015094425574162214
0 0.391660420918874 0.1596514323149335 0.03007851753414547 0.01973428071908323
0 0.3717830292330404 0.18818289148089112 0.0299244720731466 0.017330434565237078
0 0.37324461870687436 0.07149145479262058 0.03007851753414547 0.019734280719083196
0 0.35672762895760535 0.16024494567681052 0.030694699378141347 0.029349665334467846
0 0.32191335477184135 0.7035141764460413 0.04480968537922026 0.024793728770932468
0 0.3400100116279064 0.2333524569156541 0.033159426754124595 0.0678112037960063
0 0.29213740094272544 0.43586904720060804 0.035194300763835645 0.02462589160816118
0 0.2889776265865907 0.39129299512772214 0.03038660845614334 0.024541973026775403
0 0.28915842784734597 0.18192760364429614 0.05883150714143754 0.056253525224396646
0 0.24215473592298997 0.6900893094386007 0.04480968537922033 0.024793728770932468
0 0.24963839747848943 0.4230945491989063 0.04240583922537418 0.024751769480239716
0 0.20076633370247138 0.7350910377105924 0.030694699378141347 0.02934966533446798
0 0.20365538722775847 0.3332501167567028 0.04302202106936999 0.03436715409562433
0 0.9362874626316829 0.2606062637297456 0.04240583922537411 0.024751769480239716
0 0.14997194633273586 0.45745289023353897 0.035810482607831526 0.034241276223545794
0 0.09204857044892972 0.46005163648768027 0.03790623783967977 0.029475543206546242
0 0.9094010024703968 0.3985127228957032 0.035656437146832656 0.03183743006969964
0 0.9088134188318134 0.29502146040824007 0.035502391685833655 0.02943358391585349
0 0.8735098123207536 0.24507126560330864 0.04271393014737212 0.029559461787932024
0 0.8692897036516446 0.3484786095093861 0.04511777630121827 0.029601421078624776
0 0.8539870936763487 0.2868448582607665 0.04961737768691257 0.024877647352318115
0 0.8474401615838931 0.3890083197992281 0.05565743368259664 0.04419233516447299
0 0.8349246690092849 0.2275520142299539 0.03038660845614334 0.02454197302677554