0 0.3666102478756991 0.17617598992208047 0.02711365634339298 0.04077494062207972
0 0.6651067638595506 0.17413609983262235 0.027281493506164402 0.05039032523746433
0 0.4235621846887048 0.19767602936232276 0.022557719779857602 0.05477739897051274
0 0.26619418019316743 0.21625897998960164 0.01741435314662272 0.035126011165099676
0 0.4478943612620162 0.2123998595660265 0.024709810189546825 0.04056463133475777
0 0.30720642232597695 0.2210971836435903 0.014926588411390922 0.030108009570085414
0 0.4668043525204118 0.2613033091418812 0.02222204545431503 0.035546629739743506
0 0.617170615007875 0.2553705171457989 0.01990211788185438 0.04014401276011393
0 0.5744048957269581 0.28800223816374754 0.032257022976628 0.06042632842749285
0 0.6010150405820371 0.29530422061859085 0.027155615634085868 0.04317878677592587
0 0.6701960046177379 0.32777194439145424 0.0463863848648551 0.04486126107450134
0 0.15806579232959755 0.4351729772346869 0.02462589160816118 0.035756939027065525
0 0.7199512993223741 0.4197196047988617 0.02487764735231825 0.050180015950142445
0 0.15926163211434324 0.5036825926193023 0.03204722652316382 0.04840709765826208
0 0.04185080419211717 0.5356223630826924 0.027029737762007337 0.035967248314387405
0 0.1854041414796237 0.5531570374101142 0.01969232142839034 0.02812478199088316
0 0.21214016420678122 0.567670558326496 0.017330434565237078 0.030318318857407434
0 0.0991803746213584 0.5787570179075501 0.019734280719083196 0.030528628144729317
0 0.18478964847240026 0.5869160382076214 0.029349665334467846 0.03136986529401698
0 0.7093106418538293 0.5687128443406709 0.027197574924778624 0.04558263292977216
0 0.25475294267809573 0.5952401457983623 0.06304547077900675 0.03671804147037031
0 0.4502197483721051 0.6214743242945164 0.02462589160816118 0.035756939027065525
0 0.4058325131073369 0.6301727384176646 0.022096167582236495 0.028335091278205046
0 0.20513233890652952 0.648935486985969 0.056253525224396646 0.06012557514686607
0 0.6950073595106535 0.6458010085544174 0.027155615634085868 0.04317878677592601
0 0.4377328821130758 0.6646983330670948 0.02711365634339298 0.040774940622079855
0 0.7377879751447393 0.682985980641668 0.029307706043774955 0.02896601914017083
0 0.3495668212985855 0.7169509305441601 0.034325194804931444 0.041405868484045635
0 0.29157869255716273 0.01790271558023531 0.02711365634339298 0.03580543116047062
0 0.4682364279415964 0.7571265446961548 0.03183743006969964 0.036387866889031034
0 0.4716263174267242 0.8134066200242174 0.02943358391585349 0.03617755760170929
0 0.42420982392562945 0.027889411585185993 0.02943358391585349 0.03617755760170934
0 0.32331122440013027 0.0403281708834764 0.027029737762007337 0.035967248314387405
0 0.27582173139290683 0.07818820278376121 0.031921348651085285 0.04119555919672358
0 0.3756442857135615 0.07306613659067024 0.03200526723247093 0.04600325150441589
0 0.3157789079662182 0.0915450226198724 0.027281493506164267 0.05039032523746433
0 0.4144414985006426 0.08893195722428854 0.04423429445516588 0.05907402871025631
0 0.2572413311678765 0.11713029246695204 0.02454197302677554 0.03094924671937315