0 0.8229059040918221 0.5677807209418011 0.04385666083893041 0.03516484098762372
0 0.733841072050799 0.2882668433750011 0.05351400474500805 0.03790446377119822
0 0.7860300056156195 0.5221648833032824 0.05583393231746843 0.033180715620938
0 0.8151157486215757 0.6726838052638371 0.03647728521462039 0.02529762389994298
0 0.762836813183192 0.502529660491195 0.043814701548237384 0.03276099483377756
0 0.7976384565389136 0.6360117989812465 0.0316276336162356 0.02272588943123238
0 0.7110282430034212 0.49712292141444625 0.0389650499498526 0.030189260365067236
0 0.6688472240233898 0.35427723078130646 0.04132693681300573 0.02786935836865317
0 0.6528594867603233 0.4029417629602542 0.06321330794177818 0.043047932708618876
0 0.6367939142080487 0.3782470153681781 0.04626050699277657 0.035248785145055805
0 0.5853061220006515 0.32231753498194426 0.04895806818147254 0.05215965237941097
0 0.6386726454736854 0.8303799526848352 0.03900700924054535 0.03259310651891339
0 0.48147918518764565 0.2994848260592162 0.053472045454315026 0.035500617617352064
0 0.5727976523417267 0.8459095708603714 0.0487482717280085 0.0401404216101802
0 0.5784594268164447 0.9635721161626848 0.041368896103698614 0.030273204522499188
0 0.5185013174267241 0.8357790836333626 0.031669592906928355 0.02512973558507853
0 0.4940642426266807 0.813781986746145 0.031669592906928355 0.02512973558507853
0 0.5200118518916661 0.9223175451718242 0.03411539835146726 0.02761752589635691
0 0.48617527222187956 0.8441238682202343 0.0366870816680847 0.03731685466917375
0 0.34281137549703977 0.34762281795950795 0.04866435314662272 0.03533272930248789
0 0.4549942944500962 0.7802693240342892 0.04444409090863006 0.06881868714146987
0 0.3701375580627111 0.6040368869254417 0.03900700924054535 0.03259310651891339
0 0.37690244067979745 0.6470962573010923 0.03171155219762111 0.027533581738924687
0 0.4187836613328016 0.8416666123206404 0.06603674700255255 0.06717033840451264
0 0.2724224050922386 0.38014724752683143 0.04626050699277657 0.035248785145055805
0 0.3320536532174081 0.6270146088289703 0.04385666083893041 0.03516484098762372
0 0.2237790315909623 0.34937420759855004 0.034241276223545794 0.03482906435789537
0 0.3096935633066598 0.7240078965571375 0.04634442557416221 0.04005647745274825
0 0.9867788461538461 0.5985576923076923 0.021634615384615384 0.038461538461538464
0 0.23455102646921397 0.6220008856665084 0.0415367332664699 0.039888589137883804
0 0.18063232517044683 0.6335050138241148 0.039090927821930924 0.0374007988266057
0 0.9475972927038032 0.4768351911381551 0.03909092782193113 0.0374007988266057
0 0.9673464697760554 0.5747633022651067 0.039048968531238105 0.03499695267275955
0 0.9442311126328362 0.628487359224043 0.04394057942031592 0.039972533295316026
0 0.9185142794666613 0.5331729546445177 0.048748271728008226 0.0401404216101802
0 0.919605221024675 0.5956729546445177 0.05351400474500805 0.03790446377119822
0 0.8915055213500005 0.5016444172993476 0.05861541208754991 0.05489927516298547
0 0.9134426648304573 0.6560209409629678 0.03419931693285277 0.032425218204049214