0 0.20077863324456466 0.40743625330510613 0.2275857842142041 0.23337056003034817
0 0.3080191689568587 0.11538208918867326 0.21978681568296593 0.19963280002936926
0 0.49756027784763834 0.0684519886892321 0.1539179058431848 0.1369039773784642
0 0.4288232398875757 0.354312197889653 0.1464126523467965 0.12667827694265638
0 0.027941299327443773 0.5597185415340562 0.055882598654887546 0.08729368616265686
0 0.38594107955012097 0.6768611373818906 0.17538468406502877 0.13422547079272626
0 0.37124253746872643 0.8993427773833591 0.09509269730217057 0.0780139569358034
0 0.5008161001542449 0.6358690399304927 0.0637587787207848 0.07284263795720246
0 0.4808902728582298 0.8824450840351781 0.07320632617339812 0.06333913847132831
0 0.5588021228814024 0.618370806076507 0.08294758866086127 0.07066256206237725
0 0.6799771203816285 0.2852974152916127 0.20490218656226789 0.17302266464279595
0 0.6315502503805427 0.856658417348116 0.24833925449426994 0.18314153234097738
0 0.7456964429351706 0.44435600297462013 0.2385979920068068 0.1758181087499286
0 0.707588828675707 0.6310596634921724 0.19026931318572665 0.16083560617929968
0 0.8887429152110001 0.16630534654559997 0.20026233141734687 0.18258210669342534
0 0.054968307320636886 0.8898977466581821 0.10993661464127377 0.05674296822209722