0 0.39133687760205516 0.8306787862025373 0.2199575587223856 0.22169107274752983
0 0.11621065889192672 0.7247255487518752 0.18849772438412699 0.21229432141275678
0 0.0676296699964091 0.547614386524365 0.1352593399928182 0.14676864204981646
0 0.34340547972943347 0.6153582254604004 0.11937146781152741 0.14508770907040505
0 0.5324519230769231 0.984375 0.08413461538461539 0.026442307692307692
0 0.6455906473198537 0.6605764425394445 0.12487860791341468 0.1694623572047488
0 0.8545853731456302 0.680008251768015 0.07222955052064059 0.09141316717875451
0 0.6065659375322947 0.5530675021331669 0.06658252085991433 0.06223082673671817
0 0.8407660755837459 0.5754662140670426 0.057246915362207704 0.07117383816033833
0 0.5913127719923107 0.4978043105860405 0.06721202387469 0.08386544212133355
0 0.27803976632803157 0.3783442726760126 0.16163574801530223 0.19602221821232732
0 0.8172485868002662 0.4317062180637965 0.17010629250639162 0.23979572887538142
0 0.4279047033927358 0.3189704720378537 0.16254503014775587 0.22727221821232732
0 0.6026160800498904 0.3576835904798639 0.14933673812839332 0.18556636710723715
0 0.1670138378303441 0.17908597849509855 0.17118118785126735 0.1942907452502457
0 0.969268950200184 0.2568637553920516 0.05077904582070129 0.17867454189165066
0 0.7957337729663696 0.1363358210703016 0.18768411068467555 0.10188549163377478
0 0.8617788461538461 0.9603365384615384 0.0889423076923077 0.07451923076923077