0 0.1654080687827243 0.49021237366568704 0.19222546259118756 0.21502094592788978
0 0.18698926779852656 0.7969725170230085 0.18940204720167733 0.17876702937768293
0 0.35045164832537906 0.9135830380081335 0.12651044924839078 0.1400113529184552
0 0.3674159016182481 0.6171740209925851 0.12857864001370564 0.1113614233148159
0 0.036954457474403825 0.2864009855490516 0.05604368616265694 0.06941700373168357
0 0.4178242164471312 0.3054832972183959 0.15742479385985947 0.113716114224992
0 0.46461361846937027 0.09556358649763895 0.08483389744405546 0.06696400233416731
0 0.5159771672256622 0.38193999442485543 0.05120802257258707 0.06662070909280807
0 0.5660926256548945 0.14827615852940895 0.06546327180139827 0.053374977624819166
0 0.565633625691606 0.41841451447332917 0.07516257026391575 0.061371413056416364
0 0.5900941826616738 0.76623626668855 0.17945100719776128 0.14913597856147037
0 0.7038530954071318 0.22316286342966818 0.22515205540321595 0.1552680853230951
0 0.6967288390539823 0.6428548191401718 0.2154807282230761 0.14967549604534397
0 0.7125899108235638 0.45802842403595484 0.16972373745286645 0.13873569697602692
0 0.7572115384615384 0.9302884615384616 0.1778846153846154 0.1346153846153846
0 0.927200161031678 0.12011559933555903 0.14252620513636316 0.07167338415451938
0 0.9807692307692307 0.35096153846153844 0.03365384615384615 0.1971153846153846