0 0.8238503467795688 0.5670127947856503 0.21766075962074483 0.24235526971488033
0 0.849676505732876 0.2566075493346884 0.21023944364198416 0.20575111969874327
0 0.6939711259225038 0.13187793937235756 0.14252618146766266 0.13093930929172065
0 0.6355392070463106 0.4133818174430105 0.14254016663547786 0.13334315544556682
0 0.9344840118829005 0.7916468905432159 0.08220626493647223 0.08792395659314259
0 0.5387995865545419 0.718413562094266 0.17141429081726114 0.14033667858703816
0 0.4582925195075673 0.9225569131934308 0.09177969404841249 0.08144102840953046
0 0.45056972106563936 0.627630377923573 0.0580978775589369 0.07408320012909651
0 0.3641998828961048 0.8565587322144186 0.07245102864293976 0.06315688477675498
0 0.4034709583806026 0.5856168643571439 0.08210836876176873 0.07109703351621978
0 0.4314492304670896 0.23212454070643276 0.20047022218063704 0.17858020172850922
0 0.23270078663797153 0.7624968017930573 0.24376742328549725 0.1866666402868698
0 0.30354271962706025 0.34257168593147613 0.23412406833448307 0.18113033770125128
0 0.25895349320963007 0.5254088640344031 0.18597721941848605 0.16546805554238894
0 0.2851354725870652 0.06966200256048975 0.19527094517413032 0.11090820428185376
0 0.03506875216858887 0.865257676349289 0.06082338257252326 0.12955381423703935