0 0.6246213924403589 0.2054779559809752 0.15027665966725579 0.13148596925034875
0 0.4560361624331865 0.5062367539048924 0.11779508939315683 0.10468003488713205
0 0.4031021944362618 0.6077289046662914 0.1614594973587667 0.1652517005337053
0 0.27574770089472506 0.5041389077265719 0.10985911878790725 0.14062584206531403
0 0.15768265094858855 0.5484134205307684 0.17118684290816025 0.16776743181706194
0 0.9675480769230769 0.3317307692307692 0.06009615384615385 0.07211538461538461
0 0.925536927846726 0.45043503396901535 0.1111433556016632 0.1166153518092301
0 0.8850007981786732 0.3538616185795051 0.0672023592283783 0.1016887918033563
0 0.8027564411117729 0.625593291387128 0.14591681109559956 0.14104541130097806
0 0.7757443869673775 0.45830221343579947 0.13697319208426906 0.15535660309454463
0 0.6392455500379252 0.725798763159157 0.10231169752434173 0.13333038975664271
0 0.6956040901552153 0.4141239159892965 0.13216549977657677 0.15530066052978939