1 0.8605968031753103 0.7297173573749608 0.11166780308964956 0.09439331771948044
1 0.7373810707902788 0.15932753827440466 0.08986536001076874 0.07984437428607058
1 0.7941816657077592 0.49617367350479175 0.12628667898936996 0.1113041518032925
1 0.6792568923517462 0.3284490629251886 0.10417655180433517 0.07031290067757467
1 0.7268616718895061 0.7012969497920089 0.08511361026783167 0.0846240962581333
1 0.6583783436566402 0.4965854346001788 0.13581814975762158 0.10414855401301318
1 0.7005181057508343 0.8129149665159848 0.14037410052391572 0.08254190896402765
1 0.5892139293320933 0.7497716487965042 0.1574527651422371 0.1042744205233464
1 0.5576274318782478 0.6173852957372806 0.08245802257258707 0.062975495705703
1 0.4944010206017442 0.6578800734055732 0.08972550359888078 0.0678251435168398
1 0.4091335682808357 0.5600348233012861 0.11172374565440493 0.09920101002717302
1 0.181410681094822 0.5106363018658647 0.10663634052293657 0.07513457815308176
1 0.1703564595676187 0.5934990683344831 0.16477618873328598 0.1139317606421755