0 0.7993260177366873 0.5776365228232379 0.056024203264850206 0.039692441547649684
0 0.7757283664625937 0.7882238319769771 0.0614205683000864 0.04701588028974376
0 0.7357467844028567 0.5629606653298617 0.0634319659689032 0.042264138122329126
0 0.7261569692397215 0.25443011047243647 0.048616440560796934 0.037120744972970104
0 0.6895597594481553 0.21758911620085528 0.06662070909280807 0.051935472877991544
0 0.6744738801998634 0.37079184343381466 0.08501742610984855 0.07155789309070516
0 0.5733399016533138 0.5867723114900646 0.0606356713300277 0.037400495674359005
0 0.5568322892941636 0.45802666690860083 0.040423780886685225 0.024933663782905915
0 0.5514846827704315 0.5394776854379811 0.04243517855550202 0.020181921615491552
0 0.4900139673962605 0.8151636612974897 0.07187000512919976 0.028064861760363158
0 0.48334373171334205 0.32195657864599403 0.0838400806547605 0.057134816167628236
0 0.4734827692456897 0.406901466125588 0.03880483170289777 0.03449309825801286
0 0.44762853918267737 0.5898445445100965 0.05003916550206984 0.025157464344017146
0 0.4350947652835736 0.4216032888110046 0.0419935748268025 0.04416443301367528
0 0.39918315014431127 0.7458697390099361 0.04062000512919976 0.027337509936752068
0 0.38152237321974236 0.705870576629808 0.04120867785674393 0.03454904839829053