0 0.3739774569156541 0.3374372847889289 0.06586890983978126 0.05831140675670481
0 0.0801323389065295 0.6626744979961278 0.09488290084870643 0.06927032258019768
0 0.42487508928453743 0.1522258560814185 0.07287065184785554 0.04662805878950111
0 0.46920819867425795 0.2800742320439531 0.06325526723247094 0.0461802150534651
0 0.09187275099407946 0.7150552891777026 0.06321330794177811 0.043776368899618875
0 0.7244740896562083 0.5701129872147083 0.05608568806162522 0.04824817840528412
0 0.748369047200608 0.28511560985275397 0.060977298950703314 0.05327979258099447
0 0.8206130394568855 0.49586703092580475 0.06329722652316369 0.04858406120731118
0 0.8566138761207157 0.4220162518332805 0.06321330794177818 0.043776368899618875
0 0.8910141764460413 0.3253849147462222 0.08551927197747872 0.08324555576723852
0 0.14844432442203553 0.5103331889044005 0.07055072427539508 0.0513237901631844
0 0.18710957604486073 0.5891266405811069 0.09053676073863527 0.09548870840448732
0 0.22792418830856093 0.4464863437689447 0.06333918581385664 0.05098790736115733
0 0.3165633441504782 0.7695467684687107 0.11444934440501833 0.08939677928303907
0 0.3629889585372119 0.6037900308599876 0.06570107267700984 0.0486960221413202
0 0.36114274974672733 0.4980208000907568 0.048748271728008365 0.0407007571417186