0 0.2517709764375873 0.7771318274554907 0.06602995925676379 0.05448595121674224
0 0.3595419733650613 0.36764318796320045 0.05523792155579125 0.03704284629582315
0 0.3936231695058455 0.7694706093080056 0.06759333892090424 0.04262076590851048
0 0.41379492522522116 0.8868273750745388 0.14285195621450014 0.12641500735440303
0 0.4815904240768067 0.7954489382116603 0.10013754532176286 0.0973539268251131
0 0.5518073623650483 0.46491824965215794 0.042546317594795886 0.026657234375443786
0 0.6094831967074259 0.36571209248374514 0.06552567936294032 0.047274412755203644
0 0.6911052092643294 0.21539284273220496 0.06586186595882282 0.05208210506289595
0 0.7290196045578992 0.4667022291506961 0.14665108873454577 0.11230002135332412
0 0.8352261018883529 0.41128832035664803 0.0576417677096374 0.037196891756822156
0 0.1684779474755574 0.4415499216997477 0.06759333892090424 0.0426207659085102