0 0.20532288296330264 0.22041302252234948 0.06261575861937697 0.050875946427148315
0 0.29714408290863964 0.6524138591954698 0.05211851233336422 0.03360117961418915
0 0.3458270135342836 0.25225910224426573 0.06438970357991745 0.038968676591926564
0 0.36990291114386525 0.13771419386471798 0.1357287635247667 0.11902665966725585
0 0.4356511828972194 0.23957473372567611 0.0934775962841093 0.09068101609679495
0 0.4923442098958964 0.5831897534491862 0.03972134084815009 0.025829836482605728
0 0.5455693299253752 0.6941058732554839 0.06464166405723965 0.043776368899618875
0 0.6225281825159465 0.8579362556435731 0.06489362453456184 0.04858406120731118
0 0.6680190602942996 0.6106496513296178 0.13965459416183088 0.10242365845835075
0 0.7713367872192798 0.6853434513545573 0.05452235848721051 0.03371314054819818
0 0.10987560014739359 0.5473031383209027 0.06438970357991734 0.038968676591926564