0 0.1780973497884265 0.45647163422085985 0.041107123473422755 0.052047956829400346
0 0.20689584594417604 0.38543778122297634 0.03174369933536047 0.05646385223743495
0 0.7474411691532656 0.3802751033066058 0.035921490449747094 0.044640519918033035
0 0.482272432417506 0.33085541497612686 0.0335176442959008 0.04454257069311861
0 0.4372973576167075 0.3230520910216595 0.028709951988208495 0.044346672243289746
0 0.22329717061471133 0.30768213588812665 0.04641873673575972 0.061859239894613956
0 0.7339203971393852 0.3061476694370328 0.036173450927069424 0.04944821222572534
0 0.47064136398354284 0.29278567341424616 0.03604747068840812 0.04704436607187919
0 0.3831052821550763 0.23131005013240571 0.028583971749547334 0.041942826089443525
0 0.3361348371755021 0.9438728883890268 0.08475429495863701 0.061022581339398786
0 0.5186757401797037 0.19808271354305138 0.05818600702766816 0.05754129371149386
0 0.5116055143857527 0.13212386814965382 0.03794739588760962 0.03752693068140903
0 0.42520312510647096 0.9426526132210383 0.03111379814205465 0.0444446214682039
0 0.28794215547920204 0.8976570005854783 0.06717149044974696 0.04591385984192087
0 0.37796040600977165 0.8915800584973402 0.03604747068840812 0.04704436607187919
0 0.4159810136359961 0.8815994093602476 0.051226429043451885 0.06205513834444295
0 0.25531148366357137 0.8496025197430627 0.033139703579917315 0.037331032231580144
0 0.37045436019014866 0.7943222384914854 0.045662855303792736 0.047436162971537174
0 0.6775746459988391 0.793852943084124 0.03655139164305264 0.0566597506872638
0 0.43156857756487593 0.765333250951402 0.03199565981268266 0.06127154454512698
0 0.31909684009839345 0.7566667360637701 0.04363694986593007 0.05454975220816093
0 0.2729828323400024 0.7501143097986832 0.02592816511837885 0.037037184556836585
0 0.46073479281732477 0.7472819625630485 0.03149173885803814 0.05165615992974264
0 0.5589196552186757 0.7131689928060219 0.056412062067127684 0.06946257525581026
0 0.6348297794228214 0.713689361451986 0.031239778380715677 0.04684846762205033
0 0.5939746164267208 0.6695834721275402 0.039459158751543585 0.06637308452756284
0 0.6204169241190285 0.6685060306534812 0.03364362453456211 0.04694641684696476
0 0.535841377899099 0.6635207919870254 0.043259009149946584 0.04733821374662247
0 0.1670757393092008 0.5219631757241927 0.037821415648948524 0.035123084527562846
0 0.7483553560853717 0.5356170279044261 0.03604747068840798 0.04704436607187919