0 0.14349051642275704 0.753829699122863 0.1797329798918805 0.1980448856668088
0 0.3146121994071054 0.8395699654175208 0.1497678232401711 0.1474442511420226
0 0.24414030935657097 0.543131384688105 0.19868399842126083 0.18770812919615337
0 0.3710935395710473 0.38031439469330414 0.13964888736228637 0.1249683986081194
0 0.501411817714584 0.7743484752415234 0.11057893295502143 0.11282930254487138
0 0.5793269230769231 0.9399038461538461 0.16826923076923078 0.11538461538461539
0 0.5274314845376608 0.6039004182561244 0.11035513239391033 0.10321391792948689
0 0.4493264200954061 0.18564698818283393 0.13702124064732912 0.11514270470541284
0 0.6509248505063574 0.756242805699144 0.17252144143034195 0.19741395780484303
0 0.7864054524179492 0.702124665845725 0.10034809679658133 0.08554575770327616
0 0.6467765006134083 0.16573788900227798 0.1438431380050214 0.2021017848185182