0 0.8689838278397393 0.48781078170000175 0.19082779932608235 0.20065904110797683
0 0.7411938150737805 0.6411447829326226 0.15861977952110598 0.1500584065831905
0 0.6797182882449175 0.35863183716310676 0.20664616261535876 0.1877081291961535
0 0.48907449560026645 0.2833291218004283 0.14491961577246393 0.1249683986081194
0 0.5321685163294708 0.6749615362859698 0.11780493488839164 0.11303961183219367
0 0.5360522554649267 0.8585855251208699 0.17153001676271273 0.12968564692250667
0 0.4350308204128731 0.5436952995717957 0.1171325616966272 0.10342422721680879
0 0.3294367996836687 0.1575309265566246 0.14184339642685317 0.11514270470541284
0 0.3825922682308856 0.7298577105049154 0.18104432141275678 0.19741395780484303
0 0.22944375756783147 0.7504238887113966 0.10393667784180849 0.08554575770327616
0 0.1316408052015545 0.2357589011091171 0.15287054075836737 0.20450563097236443