0 0.1425010315546166 0.3812342277089503 0.14748581219739096 0.1554684882240551
0 0.28226461312255685 0.2747534133697186 0.13054313050109093 0.10722373745286631
0 0.30737556709326375 0.5705383754223059 0.17039045158790203 0.1341135856632158
0 0.48149776815059625 0.7070977641629342 0.1247275962841093 0.08793702565734171
0 0.48595141338689 0.3107568472432838 0.09562948196063313 0.08279367796111824
0 0.505349049333457 0.13080404109335353 0.15332178965294083 0.0834649887381809
0 0.5640406377193954 0.4714237836630036 0.09512556100598847 0.07317829334573361
0 0.6168332585304531 0.8828451026416049 0.12422367532946464 0.07832164104195737
0 0.6346749243286987 0.30648145136608 0.14002231325853004 0.15057688206922995
0 0.7852881388504247 0.3382637477965686 0.08956198726632945 0.05869927385790159
0 0.8157225881063782 0.8731474883097154 0.10978015516781935 0.16944402462909053