0 0.6315016543163504 0.17122611074060165 0.13281077479699158 0.15851039515150342
0 0.5464800664514647 0.17168291157258223 0.07209494137681624 0.09644642579163797
0 0.4377451892640547 0.21344254706835844 0.06260553700009279 0.09812166166755777
0 0.4817805230845366 0.24123164824820853 0.04945248408291155 0.0755762834355346
0 0.5510613523300452 0.28985360962529977 0.09904117002376858 0.10806548867131988
0 0.29073774397309793 0.2545108544450707 0.09398151723875395 0.1028934912246644
0 0.6989711025301985 0.3229402278788551 0.08031432174764401 0.11622365273085195
0 0.9586699205034819 0.3930476760051126 0.03249958076732731 0.07189736929531734
0 0.570443655847686 0.39971985379958935 0.0774065546391532 0.10642611554598574
0 0.27716420345917103 0.3764515429227462 0.05413419615194283 0.07353674242065147
0 0.6136601181168704 0.4431339549794394 0.06374958076732731 0.07426535269857783
0 0.42349408986641773 0.4168407759225809 0.12143166684035095 0.12412793871973093
0 0.6876958711700248 0.538084458648086 0.09195561180089129 0.10992287711672141
0 0.7527392399890674 0.03776311330109143 0.086392038061232 0.07552622660218286
0 0.8022718366226269 0.5904570596665656 0.07475074800798473 0.10143627066881186
0 0.07045387746697018 0.48309851260535236 0.0842401523847082 0.09976103479289204
0 0.6509078514785761 0.6689671349973748 0.0674132293077851 0.09848596680652094
0 0.174794778730166 0.5937098790245845 0.0643794819606332 0.0862845834678086
0 0.5529851711738316 0.6871616217536863 0.06678332811447928 0.08646673603729017
0 0.603911982049557 0.6976684184329094 0.04907454336692806 0.06836474497399628
0 0.7110874386826289 0.754193246390603 0.13307295689359824 0.1178271631056004
0 0.4374166962408666 0.7222561764963688 0.041359083950745085 0.05820290265016691
0 0.3773835325140433 0.7256080676564852 0.07576881153655808 0.07517611554598574