0 0.5522391788933225 0.1374709816138427 0.20634313800502155 0.19225343387356514
0 0.8566324381873396 0.17948487293733725 0.1702294955570514 0.18943001848405494
0 0.9343347973181088 0.353512819615099 0.11365418079220072 0.13349821745090842
0 0.6434973877728629 0.34892637137048543 0.10633074205010692 0.12860661129608325
0 0.36756466097735047 0.013894990819158543 0.0677552934299145 0.020013965137342236
0 0.3206266762637283 0.3776301426088091 0.10700214373344033 0.1574527651422371
0 0.09866155307585436 0.40991255386083847 0.06445825490972232 0.08486186872643323
0 0.3807487953019226 0.4805208574890884 0.06607879909967942 0.05123599385496455
0 0.13471723550544829 0.5137254789942648 0.051991423018269284 0.0654912430837759
0 0.4071621229850423 0.5337271426210464 0.05702291588707262 0.07516257026391561
0 0.7558866607745187 0.582268118053142 0.14361933744391045 0.18191079591636267
0 0.18670463876752083 0.6561957415658728 0.1422785439553421 0.2275559015570621
0 0.6105358837991447 0.6803634421362899 0.1372470510865387 0.21788457437692224
0 0.4229239835185892 0.6829893744185287 0.13132035597329078 0.16975170873524392
0 0.9043905811631938 0.7619289098687355 0.14596723345747892 0.17953492104489427
0 0.037531326573610774 0.887564670775594 0.07506265314722155 0.16936011078195726
0 0.26490753434364234 0.9636791067056626 0.19147045008162394 0.06951742361552331
0 0.03887915463552343 0.08581205026195779 0.05579402267905993 0.12561536821230737