0 0.5213876361181696 0.8543640278287465 0.21718712903964524 0.2139752543921679
0 0.8153497582000367 0.8880925640237185 0.18568516856232292 0.20698234921124098
0 0.9230495790263216 0.7495264269402774 0.14154429774174832 0.14162476314624192
0 0.6367501478605911 0.6792106485524545 0.11990968235713294 0.14011192346477175
0 0.32658755348909013 0.9533090066814315 0.07880255888371004 0.08694166146694417
0 0.3343898966691888 0.5766363103769852 0.12382529137491279 0.1691261706088666
0 0.12881339282493826 0.49280493488839167 0.07171700066083278 0.0888412277269671
0 0.40557576192354095 0.49539278772366924 0.06780139164305278 0.059826980582872016
0 0.17804969209802218 0.40403895716899024 0.0540082159132816 0.07083765156445611
0 0.4381008967390787 0.45335898669766184 0.06665734787581812 0.08369734882339258
0 0.7754582298288378 0.4925170484094201 0.15873893991537058 0.19551793831850398
0 0.24721987353379588 0.28433389605413584 0.16568829628030265 0.23671950952977083
0 0.6526986596729026 0.3665760619208137 0.15797283686411953 0.22659984502056274
0 0.4740632736659624 0.3169615891375252 0.14849365410668014 0.1828263343575086
0 0.9278846153846154 0.3629807692307692 0.13942307692307693 0.1971153846153846
0 0.11701724767756833 0.06207097011374218 0.1282652645859059 0.1167458351180746
0 0.36392562102072795 0.0434109341429569 0.18938970357991744 0.0491689695471005
0 0.05030700170293823 0.7771146808840721 0.025781741641149384 0.1263447463835289